"D:\Program Files (x86)\Anaconda3\python.exe" "F:/模式识别与机器学习/机器学习/Expectation-Maximum Algorithm/EM.py"
初始化的参数： [0.6, 180, 18, 0.4, 160, 7] %男生比例，男生均值，男生方差，女生比例，女生均值，女生方差
0 : -1087.74605445968
第1次迭代参数： [0.6105450430370014, 176.89807555556953, 14.677526368798011, 0.38945495696299826, 161.73987083046225, 7.297049866401867]
1 : -1165.2031496278562
第2次迭代参数： [0.6210967240791923, 176.31578321390293, 14.939228571371334, 0.37890327592080736, 162.27223710241847, 7.597652893158511]
2 : -1178.2842807349855
第3次迭代参数： [0.6273279942929415, 175.90924020448637, 15.14358728742082, 0.37267200570705866, 162.72176558200812, 7.749358810636641]
3 : -1185.6505153244343
第4次迭代参数： [0.6313684762889685, 175.60823155379956, 15.305181229711255, 0.3686315237110317, 163.09276917381146, 7.8210285357674545]
4 : -1190.3178231577092
第5次迭代参数： [0.6341842070825489, 175.3782303481999, 15.433152116060901, 0.3658157929174514, 163.3951698944031, 7.849124931806199]
5 : -1193.497547702393
第6次迭代参数： [0.6362769886981235, 175.19899539962333, 15.534435177585914, 0.3637230113018758, 163.63976575985419, 7.853546143865753]
6 : -1195.7678297085192
第7次迭代参数： [0.6379301407678617, 175.05733350871853, 15.614504021004242, 0.36206985923213864, 163.83658199237283, 7.84536556664796]
7 : -1197.440564065182
第8次迭代参数： [0.6393112542031206, 174.94408353869767, 15.677704453265818, 0.3606887457968799, 163.99434918184753, 7.830803506367534]
8 : -1198.7000639299044
第9次迭代参数： [0.6405217507218377, 174.85263072702958, 15.727489972143081, 0.3594782492781625, 164.12042885373126, 7.813348995502225]
9 : -1199.6630621705099
第10次迭代参数： [0.6416235025948362, 174.77807570826423, 15.766606931182606, 0.35837649740516375, 164.22091543424565, 7.794931452091898]
10 : -1200.4075298299203
第11次迭代参数： [0.6426542024320903, 174.71672538092224, 15.797240985275092, 0.35734579756790963, 164.30079823265797, 7.776584329688478]
11 : -1200.9877259200075
第12次迭代参数： [0.6436366299533725, 174.66576037001667, 15.821132493153133, 0.3563633700466272, 164.36413261624446, 7.758827722504811]
12 : -1201.4426196837605
第13次迭代参数： [0.6445843683681495, 174.62300777223774, 15.83966753439748, 0.3554156316318503, 164.41419909136468, 7.741891210704711]
13 : -1201.8008874135894
第14次迭代参数： [0.6455053650589663, 174.58678064778098, 15.853949955984934, 0.3544946349410339, 164.45364263382484, 7.725844071240412]
14 : -1202.0840289173125
第15次迭代参数： [0.6464041528242092, 174.5557618131829, 15.864858622795515, 0.35359584717579057, 164.48459085654002, 7.710671078314806]
15 : -1202.3083964939553
第16次迭代参数： [0.6472832302742637, 174.5289180841037, 15.873093038275345, 0.35271676972573585, 164.50875232862995, 7.696316131453393]
16 : -1202.4865653457412
第17次迭代参数： [0.6481439131170847, 174.5054360290772, 15.879209752270231, 0.3518560868829155, 164.52749739665842, 7.68270684141151]
17 : -1202.6282884988652
第18次迭代参数： [0.6489868533029268, 174.48467325706156, 15.88365142919164, 0.3510131466970728, 164.5419240945724, 7.669767896054111]
18 : -1202.7411798442415
第19次迭代参数： [0.6498123508289029, 174.466121125262, 15.886770050082564, 0.3501876491710976, 164.55291160241714, 7.657427884235069]
19 : -1202.8312134261325
第20次迭代参数： [0.6506205371370053, 174.449375967666, 15.888845420635938, 0.34937946286299476, 164.5611634418363, 7.645622373634387]
20 : -1202.9030949711353
第21次迭代参数： [0.6514114798053712, 174.434116758664, 15.89009992344561, 0.3485885201946294, 164.56724228434902, 7.634294905343079]
21 : -1202.9605423823266
第22次迭代参数： [0.6521852396293724, 174.42008768555354, 15.890710267740655, 0.34781476037062714, 164.57159794582302, 7.623396884484181]
22 : -1203.006499993388
第23次迭代参数： [0.6529418993986286, 174.40708449656051, 15.890816841541541, 0.34705810060137077, 164.57458986833848, 7.612886934606183]
23 : -1203.0433037650691
第24次迭代参数： [0.6536815762442837, 174.39494377221845, 15.890531151583273, 0.3463184237557162, 164.5765051554487, 7.602730037071995]
24 : -1203.0728096105065
第25次迭代参数： [0.6544044247767282, 174.38353447260104, 15.889941739761756, 0.34559557522327217, 164.5775730285194, 7.592896630342666]
25 : -1203.096493670279
第26次迭代参数： [0.6551106353407834, 174.37275126410103, 15.88911888693152, 0.34488936465921693, 164.57797640717703, 7.5833617584001995]
26 : -1203.1155310354059
第27次迭代参数： [0.6558004299320083, 174.36250924256842, 15.888118352151482, 0.34419957006799157, 164.57786118160016, 7.574104308440887]
27 : -1203.130857777895
第28次迭代参数： [0.656474057229532, 174.35273975520352, 15.886984345110195, 0.3435259427704682, 164.57734363401218, 7.565106350682047]
28 : -1203.1432199691208
第29次迭代参数： [0.6571317875448498, 174.34338708895078, 15.885751889130859, 0.34286821245515076, 164.57651637715384, 7.55635257870973]
29 : -1203.153212502793
第30次迭代参数： [0.6577739080968588, 174.3344058434365, 15.884448699936511, 0.3422260919031416, 164.57545310506566, 7.547829841837964]
30 : -1203.1613098969685
第31次迭代参数： [0.6584007187974328, 174.32575884546085, 15.88309667966356, 0.34159928120256616, 164.57421239308746, 7.539526758201509]
31 : -1203.1678907654705
第32次迭代参数： [0.6590125286046512, 174.31741549239052, 15.881713105156802, 0.3409874713953487, 164.5728407369694, 7.531433396836012]
32 : -1203.1732572803564
第33次迭代参数： [0.6596096524325795, 174.30935043553873, 15.880311573315751, 0.34039034756742065, 164.57137498320682, 7.523541017684947]
33 : -1203.1776506633335
第34次迭代参数： [0.6601924085729028, 174.3015425332294, 15.878902753338002, 0.3398075914270967, 164.56984427238504, 7.515841859668644]
34 : -1203.1812635241658
第35次迭代参数： [0.660761116569955, 174.29397401791184, 15.87749498544364, 0.339238883430046, 164.56827159301324, 7.508328968301908]
35 : -1203.1842496926115
第36次迭代参数： [0.6613160954878201, 174.28662983324762, 15.876094757519935, 0.3386839045121803, 164.5666750238427, 7.500996055667492]
36 : -1203.1867320560978
第37次迭代参数： [0.6618576625110604, 174.2794971062113, 15.874707084659832, 0.3381423374889401, 164.5650687270607, 7.4938373867546435]
37 : -1203.1888088094593
第38次迭代参数： [0.6623861318261404, 174.2725647264904, 15.87333581143755, 0.3376138681738602, 164.5634637422679, 7.486847687221602]
38 : -1203.1905584396848
第39次迭代参数： [0.6629018137370584, 174.26582301116986, 15.871983852691631, 0.3370981862629421, 164.56186862115166, 7.480022068534462]
39 : -1203.1920437024323
第40次迭代参数： [0.663405013975182, 174.25926343723276, 15.870653385353743, 0.33659498602481763, 164.56028993477102, 7.473355967182094]
40 : -1203.1933147947618
第41次迭代参数： [0.6638960331693046, 174.25287842799747, 15.869346001293223, 0.33610396683069543, 164.55873267897618, 7.466845095284892]
41 : -1203.1944118868369
第42次迭代参数： [0.6643751664473359, 174.2466611824673, 15.868062829108936, 0.33562483355266454, 164.55720059837574, 7.460485400422342]
42 : -1203.1953671423923
第43次迭代参数： [0.6648427031457129, 174.24060553882757, 15.866804631180827, 0.3351572968542876, 164.55569644516586, 7.4542730329180555]
43 : -1203.1962063312958
第44次迭代参数： [0.6652989266066505, 174.23470586513025, 15.865571881004243, 0.3347010733933494, 164.55422218587438, 7.44820431915718]
44 : -1203.1969501167036
第45次迭代参数： [0.6657441140467325, 174.22895697162517, 15.864364824807726, 0.3342558859532673, 164.55277916645463, 7.442275739784014]
45 : -1203.1976150825367
第46次迭代参数： [0.6661785364832156, 174.22335404033976, 15.863183530640633, 0.3338214635167841, 164.55136824407342, 7.436483911848275]
46 : -1203.1982145537227
第47次迭代参数： [0.6666024587067899, 174.21789256840174, 15.862027927468619, 0.3333975412932104, 164.54998989226732, 7.430825574147116]
47 : -1203.1987592510613
第48次迭代参数： [0.6670161392915381, 174.21256832232336, 15.860897836300428, 0.33298386070846175, 164.5486442848029, 7.425297575154239]
48 : -1203.1992578140669
第49次迭代参数： [0.6674198306344847, 174.20737730102667, 15.85979299495786, 0.33258016936551515, 164.5473313625111, 7.419896863044147]
49 : -1203.1997172184522
第50次迭代参数： [0.667813779018486, 174.20231570585088, 15.858713077775446, 0.3321862209815142, 164.5460508865075, 7.414620477413716]
50 : -1203.2001431094793
第51次迭代参数： [0.6681982246933506, 174.19737991613445, 15.857657711254301, 0.33180177530664984, 164.54480248053144, 7.409465542379499]
51 : -1203.2005400681658
第52次迭代参数： [0.6685734019710055, 174.19256646925533, 15.856626486488947, 0.33142659802899366, 164.5435856645858, 7.404429260790653]
52 : -1203.2009118238718
第53次迭代参数： [0.668939539331311, 174.18787204423776, 15.85561896901886, 0.3310604606686889, 164.542399881626, 7.399508909347122]
53 : -1203.2012614240914
第54次迭代参数： [0.6692968595357326, 174.18329344822067, 15.854634706626195, 0.3307031404642673, 164.54124451869532, 7.394701834452941]
54 : -1203.2015913700382
第55次迭代参数： [0.6696455797466293, 174.17882760521465, 15.853673235494648, 0.33035442025337075, 164.54011892362357, 7.390005448667039]
55 : -1203.2019037249606
第56次迭代参数： [0.669985911650342, 174.17447154670418, 15.852734085061584, 0.3300140883496579, 164.53902241818534, 7.385417227640208]
56 : -1203.2022002006572
第57次迭代参数： [0.6703180615826049, 174.1702224037313, 15.851816781828257, 0.3296819384173958, 164.53795430843016, 7.380934707448149]
57 : -1203.2024822265769
第58次迭代参数： [0.6706422306551039, 174.16607740017653, 15.85092085233922, 0.32935776934489636, 164.5369138927597, 7.376555482247742]
58 : -1203.2027510050286
第59次迭代参数： [0.6709586148822477, 174.16203384700347, 15.85004582550012, 0.32904138511775266, 164.53590046820813, 7.3722772021976555]
59 : -1203.203007555294
第60次迭代参数： [0.6712674053074021, 174.15808913729094, 15.849191234368725, 0.32873259469259797, 164.534913335291, 7.368097571595501]
60 : -1203.2032527488664
第61次迭代参数： [0.671568788127998, 174.1542407418993, 15.848356617526322, 0.32843121187200236, 164.53395180171714, 7.364014347193039]
61 : -1203.2034873376206
第62次迭代参数： [0.6718629448190612, 174.1504862056593, 15.847541520116122, 0.32813705518093933, 164.5330151851959, 7.360025336658182]
62 : -1203.2037119763231
第63次迭代参数： [0.6721500522548063, 174.14682314398644, 15.846745494616794, 0.3278499477451939, 164.5321028155273, 7.356128397158562]
63 : -1203.2039272406369
第64次迭代参数： [0.6724302828280346, 174.1432492398466, 15.845968101406115, 0.32756971717196487, 164.5312140361251, 7.352321434046219]
64 : -1203.2041336415084
第65次迭代参数： [0.6727038045671371, 174.13976224101276, 15.845208909158545, 0.3272961954328627, 164.53034820509137, 7.3486023996268655]
65 : -1203.2043316366874
第66次迭代参数： [0.6729707812505575, 174.13635995756545, 15.8444674951116, 0.3270292187494426, 164.52950469593804, 7.344969292000331]
66 : -1203.2045216399567
第67次迭代参数： [0.6732313725186257, 174.1330402595948, 15.843743445228654, 0.32676862748137503, 164.5286828980322, 7.341420153961386]
67 : -1203.2047040285063
第68次迭代参数： [0.6734857339826967, 174.12980107507633, 15.843036354280848, 0.3265142660173031, 164.52788221682448, 7.3379530719521116]
68 : -1203.2048791488664
第69次迭代参数： [0.6737340173315729, 174.1266403878908, 15.842345825865223, 0.32626598266842666, 164.52710207390973, 7.334566175058719]
69 : -1203.205047321646
第70次迭代参数： [0.6739763704352004, 174.12355623597244, 15.841671472373683, 0.32602362956479947, 164.52634190696003, 7.33125763404707]
70 : -1203.205208845381
第71次迭代参数： [0.6742129374456373, 174.12054670956505, 15.841012914924075, 0.3257870625543626, 164.5256011695562, 7.328025660432125]
71 : -1203.2053639995927
第72次迭代参数： [0.6744438588953362, 174.117609949573, 15.840369783261583, 0.3255561411046639, 164.52487933094676, 7.32486850557759]
72 : -1203.2055130472831
第73次迭代参数： [0.67466927179277, 174.11474414599635, 15.839741715638382, 0.32533072820723036, 164.5241758757515, 7.321784459822621]
73 : -1203.2056562369517
第74次迭代参数： [0.674889309715445, 174.11194753644153, 15.839128358676893, 0.32511069028455597, 164.5234903036241, 7.318771851633031]
74 : -1203.2057938042205
第75次迭代参数： [0.6751041029003505, 174.1092184046986, 15.838529367220804, 0.3248958970996491, 164.52282212888858, 7.315829046774945]
75 : -1203.2059259731896
第76次迭代参数： [0.6753137783319058, 174.1065550793778, 15.837944404177946, 0.32468622166809413, 164.52217088015422, 7.312954447509174]
76 : -1203.2060529575085
第77次迭代参数： [0.6755184598274596, 174.10395593260543, 15.837373140357132, 0.32448154017254066, 164.52153609992206, 7.310146491804897]
77 : -1203.2061749613063
第78次迭代参数： [0.6757182681203996, 174.10141937876642, 15.836815254301749, 0.3242817318796006, 164.52091734418536, 7.307403652571543]
78 : -1203.2062921799256
第79次迭代参数： [0.6759133209409386, 174.09894387329638, 15.836270432121722, 0.3240866790590607, 164.5203141820277, 7.304724436907815]
79 : -1203.2064048005673
第80次迭代参数： [0.6761037330946439, 174.09652791151598, 15.835738367324605, 0.3238962669053567, 164.51972619522454, 7.302107385367071]
80 : -1203.206513002817
第81次迭代参数： [0.6762896165387606, 174.0941700275096, 15.835218760647649, 0.32371038346123965, 164.51915297785024, 7.299551071238389]
81 : -1203.2066169591067
第82次迭代参数： [0.6764710804563987, 174.0918687930374, 15.834711319891104, 0.3235289195436009, 164.51859413589062, 7.297054099842708]
82 : -1203.206716835104

Process finished with exit code 0
