"D:\Program Files (x86)\Anaconda3\python.exe" "F:/模式识别与机器学习/机器学习/Expectation-Maximum Algorithm/EM.py"
male:  [181.3063963  195.15255067 182.70630984 168.60952011 162.19558518
 191.45868582 189.41190775 172.26555177 161.6567182  164.33606311
 148.71628732 161.72987099 142.21656404 155.3256421  172.48659835
 183.63632596 173.47694376 203.15391836 187.05148594 202.94011754
 153.10980873 164.44391631 180.82103436 162.75999475 190.99816363
 173.17701918 175.93523888 145.15147974 188.61685167 179.27312966
 171.51437557 185.42990526 167.26130365 151.13130821 182.13533644
 188.20392374 207.67290923 179.35101521 186.52542079 185.43817628
 176.89352065 169.18606608 182.97511147 206.28139861 180.06986575
 177.11245576 209.1903248  195.47717174 192.00583277 158.82216314
 170.84297037 171.10585075 183.64262398 163.58615415 170.68742286
 184.03886964 195.25142977 166.18770961 155.25277614 182.8571689
 187.30274562 180.65797724 182.44502686 166.6277879  178.14520809
 169.09664128 175.87509514 182.56041611 191.17977914 173.56461927
 174.90711857 185.89594205 173.80695051 190.2571418  193.31615463
 175.98992324 174.81026086 192.79531849 165.68158703 216.60338614
 192.91588599 173.32374818 151.26561918 168.15760933 171.740025
 188.63816588 182.04467907 149.77053648 168.75058001 169.02229857
 175.76278816 158.18045625 155.18637197 151.54664512 162.14832854
 151.83185732 178.20920793 176.99417839 181.51581704 177.82327085
 162.17367479 180.38515743 174.54759408 182.80388747 190.19286546
 162.66105555 172.02391447 180.88134974 161.79113945 194.58786101
 179.20615025 160.4736535  157.53000748 164.19866152 149.26909943
 132.49052338 162.21258508 169.52179795 149.76221452 175.78553698
 163.69835723 175.46737801 169.4941733  176.2554964  192.11009067
 190.43578573 160.66067422 173.19586472 169.13824501 162.98978132
 171.96526411 142.4241887  156.70182901 175.02094975 161.55437371
 185.40159956 196.04729908 173.84166012 183.98931779 167.263473
 206.00539854 183.44624016 176.1517199  168.83164262 169.79172442
 172.5242865  161.30971282 164.40339132 163.54218298 165.06052382
 198.6275142  186.98113997 187.05604481 178.46504271 176.11384582
 166.73668624 164.07321049 174.60141547 175.87252562 215.48941658
 194.0297107  184.14082882 142.68114811 167.87741207 206.85476634
 148.15885053 160.33803611 188.81048677 172.93304694 181.69658208
 204.81955071 187.22313819 164.8986693  170.84808982 164.31357819
 189.18305457 160.56736002 168.2621807  206.14463737 159.91714682
 163.90925506 178.63247307 153.44182086 123.95405699 173.81007326
 161.04988535 169.96141613 188.14191754 201.28629076 182.17293977
 182.00199692 193.17607167 200.50406516 202.18602313 191.88251311
 154.56473459 179.97288941 187.95003916 180.08342846 188.25150753]
female:  [158.34044443 144.58851764 165.93506222 164.81263073 175.67147892
 161.73908161 158.18405683 166.72753187 156.01878778 164.39343115
 172.70174998 169.07849667 175.84798402 171.98793539 162.38385837
 172.4359986  157.16743733 166.68491283 172.20920668 168.29424644
 177.27585189 161.95224729 184.38293468 167.07451777 148.06769157
 148.70321686 177.76846199 158.23260053 158.99796309 177.86683692
 133.77575637 174.5016734  153.31356622 139.66746964 174.29268326
 157.63723531 154.79921002 165.10763839 163.78033792 161.38918345
 156.7037829  158.7737043  160.55991802 160.3835983  167.29457767
 177.64808173 165.13489665 163.08274656 165.76731395 169.76555604
 179.05867773 166.38688241 170.35555328 172.86558009 157.02046472
 161.36021073 151.54791324 159.64269287 153.42264012 173.13214465
 148.68715207 179.74421112 164.40222415 144.06666473 168.79597352
 178.83772864 182.10559955 170.77925749 145.18978626 157.92876304
 190.06990835 169.01204515 164.04540857 163.31472672 175.29239468
 184.37636006 150.84840485 165.47256254 161.75276    175.55503731
 146.61976202 170.6041705  178.28788617 178.10629319 166.88717599
 169.29435336 169.42507873 169.42211075 171.49735429 161.60286397
 154.67961252 159.07645966 162.23564208 130.02733732 168.07879476
 176.29340051 175.31055074 177.31507782 158.01513129 168.79073742]
初始化的参数： [0.6, 180, 18, 0.4, 160, 7] %男生比例，男生均值，男生方差，女生比例，女生均值，女生方差
0 : -1103.206694358553
第1次迭代参数： [0.6522590265689153, 177.18565964085445, 15.278915959011886, 0.34774097343108545, 161.87074488257255, 7.75300746604621]
1 : -1190.3549468538981
第2次迭代参数： [0.6767990831683016, 176.25229736817218, 15.542172730461676, 0.3232009168316984, 162.66241916970208, 8.34048715639942]
2 : -1207.2920968332755
第3次迭代参数： [0.691554124905585, 175.6280477948613, 15.73551128892831, 0.3084458750944146, 163.41192877912704, 8.691870957272767]
3 : -1215.7925253352612
第4次迭代参数： [0.7011445473483493, 175.16833109759213, 15.891463798210431, 0.2988554526516504, 164.09844833840842, 8.891039316071334]
4 : -1220.788097173076
第5次迭代参数： [0.7076451728381646, 174.8116526963011, 16.02184739982641, 0.29235482716183603, 164.71564555949482, 8.990098865829315]
5 : -1224.0257644401472
第6次迭代参数： [0.7121392029611829, 174.52672608385876, 16.132161442732123, 0.28786079703881734, 165.26290886214906, 9.02454418904756]
6 : -1226.2679319338274
第7次迭代参数： [0.7152619967895024, 174.29525760996006, 16.22571382795749, 0.28473800321049747, 165.74275914573425, 9.019092335144768]
7 : -1227.8958738146466
第8次迭代参数： [0.7174213284000303, 174.1052948813579, 16.30496463357102, 0.2825786715999692, 166.15968952533606, 8.990748597332368]
8 : -1229.1197039527797
第9次迭代参数： [0.7188956496515195, 173.94836725103514, 16.37196078040099, 0.28110435034848075, 166.5193432119166, 8.950898069381783]
9 : -1230.064063968454
第10次迭代参数： [0.7198820159745204, 173.81813912997683, 16.428472382317967, 0.28011798402547994, 166.82786015166167, 8.906894002927817]
10 : -1230.8073470923382
第11次迭代参数： [0.7205220533085988, 173.70970870233901, 16.476041476346392, 0.27947794669140164, 167.09139606107027, 8.86326875128986]
11 : -1231.401288316494
第12次迭代参数： [0.720917766607563, 173.61920139017982, 16.516009253653667, 0.27908223339243704, 167.31580796380365, 8.822632050553793]
12 : -1231.8814437398064
第13次迭代参数： [0.7211422037160147, 173.54351044572948, 16.549538475655304, 0.27885779628398566, 167.50647582318103, 8.786318587244873]
13 : -1232.2731142262805
第14次迭代参数： [0.7212471585526754, 173.48011904674826, 16.577633775429128, 0.27875284144732504, 167.668222157945, 8.754843894756666]
14 : -1232.594848200568
第15次迭代参数： [0.7212689237247701, 173.42697220264458, 16.601159908352113, 0.2787310762752295, 167.80529575096062, 8.728218817324853]
15 : -1232.8605928733446
第16次迭代参数： [0.7212326214153222, 173.38238150806598, 16.62085804137934, 0.27876737858467804, 167.9213937805939, 8.70616206684892]
16 : -1233.081060243496
第17次迭代参数： [0.721155442813294, 173.34495271337164, 16.637360387162392, 0.27884455718670564, 168.0197046484371, 8.688240621377195]
17 : -1233.2646218206035
第18次迭代参数： [0.7210490378112935, 173.31352970079854, 16.651203497591922, 0.27895096218870635, 168.10296002002536, 8.673959808785165]
18 : -1233.4179124479465
第19次迭代参数： [0.7209212479655401, 173.28715054632053, 16.662840423352648, 0.27907875203445953, 168.17348903994858, 8.662818862973207]
19 : -1233.5462498064055
第20次迭代参数： [0.7207773404382336, 173.2650126544158, 16.672651833160323, 0.2792226595617663, 168.2332706681984, 8.65434321637432]
20 : -1233.6539340336683
第21次迭代参数： [0.7206208704521867, 173.2464448139462, 16.68095611639687, 0.27937912954781363, 168.28398200795687, 8.648101462252217]
21 : -1233.7444672340935
第22次迭代参数： [0.7204542729582721, 173.2308846091825, 16.688018468640053, 0.2795457270417272, 168.32704168912161, 8.643712496556399]
22 : -1233.820717959608
第23次迭代参数： [0.7202792609266893, 173.21786002732077, 16.694058966118675, 0.2797207390733109, 168.36364808356717, 8.640846605617508]
23 : -1233.8850468462801
第24次迭代参数： [0.7200970882452741, 173.20697439178883, 16.699259655891556, 0.27990291175472537, 168.39481252984464, 8.639223027456797]
24 : -1233.9394041191265
第25次迭代参数： [0.7199087196320763, 173.19789395732008, 16.703770711653355, 0.28009128036792336, 168.42138795268076, 8.638605646518425]
25 : -1233.9854062496956
第26次迭代参数： [0.7197149379114507, 173.1903376534076, 16.707715723989782, 0.2802850620885494, 168.44409335234042, 8.638797882138846]
26 : -1234.0243968564469
第27次迭代参数： [0.7195164099436026, 173.1840685742014, 16.711196206183818, 0.2804835900563972, 168.46353465940237, 8.639637423515348]
27 : -1234.057495497878
第28次迭代参数： [0.7193137258624129, 173.17888689667433, 16.71429540230314, 0.2806862741375872, 168.48022243247487, 8.640991191767325]
28 : -1234.0856370374481
第29次迭代参数： [0.7191074215227076, 173.17462397273775, 16.71708148444063, 0.2808925784772931, 168.49458683872496, 8.642750731707851]
29 : -1234.10960358661
第30次迭代参数： [0.718897990718345, 173.17113739035042, 16.71961022215641, 0.28110200928165474, 168.50699031112708, 8.644828122583712]
30 : -1234.130050553592
第31次迭代参数： [0.7186858914278974, 173.16830683728648, 16.721927200822588, 0.2813141085721028, 168.51773822865363, 8.647152427351136]
31 : -1234.1475279770527
第32次迭代参数： [0.718471548781756, 173.1660306317829, 16.72406965788253, 0.28152845121824427, 168.52708791982604, 8.649666659384371]
32 : -1234.1624980646366
第33次迭代参数： [0.7182553564031838, 173.16422280866374, 16.726067997873834, 0.28174464359681645, 168.53525624795586, 8.652325223752216]
33 : -1234.1753496607232
第34次迭代参数： [0.7180376770951713, 173.16281066917477, 16.72794703902452, 0.28196232290482887, 168.54242599877682, 8.65509178045075]
34 : -1234.1864102178076
第35次迭代参数： [0.7178188434098582, 173.16173271865085, 16.72972703668129, 0.28218115659014215, 168.54875125814164, 8.65793747461468]
35 : -1234.1959557298414
第36次迭代参数： [0.7175991583666944, 173.16093692909254, 16.731424521970194, 0.2824008416333058, 168.5543619388301, 8.66083948067713]
36 : -1234.2042189953695
第37次迭代参数： [0.7173788964233158, 173.1603792743309, 16.733052988008108, 0.2826211035766842, 168.5593675909181, 8.66377981171487]
37 : -1234.211396507001
第38次迭代参数： [0.7171583047109689, 173.16002249417528, 16.734623450686872, 0.2828416952890311, 168.5638606091629, 8.666744350538126]
38 : -1234.2176542074296
第39次迭代参数： [0.7169376044984219, 173.1598350511295, 16.736144906503036, 0.28306239550157875, 168.56791893302116, 8.669722064683942]
39 : -1234.2231323073709
第40次迭代参数： [0.7167169928274957, 173.15979024921202, 16.737624706042023, 0.2832830071725044, 168.57160831980673, 8.672704372894788]
40 : -1234.2279493249805
第41次迭代参数： [0.7164966442584662, 173.1598654893528, 16.73906885847048, 0.2835033557415338, 168.57498425873246, 8.675684635663421]
41 : -1234.232205477506
第42次迭代参数： [0.7162767126674096, 173.1600416399523, 16.740482279668033, 0.2837232873325901, 168.57809358282017, 8.678657746887449]
42 : -1234.2359855327497
第43次迭代参数： [0.7160573330456719, 173.16030250460537, 16.74186899436493, 0.2839426669543284, 168.58097582659332, 8.681619807570542]
43 : -1234.2393612090884
第44次迭代参数： [0.7158386232612659, 173.16063437185844, 16.743232300776, 0.28416137673873415, 168.58366436984898, 8.6845678658476]
44 : -1234.242393197537
第45次迭代参数： [0.7156206857516129, 173.16102563425892, 16.744574904674657, 0.2843793142483875, 168.58618740138002, 8.687499710439916]
45 : -1234.2451328668299
第46次迭代参数： [0.7154036091257955, 173.16146646596263, 16.74589902857656, 0.28459639087420463, 168.58856873114092, 8.690413707017996]
46 : -1234.2476237022825
第47次迭代参数： [0.7151874696620297, 173.16194854984647, 16.747206500659164, 0.2848125303379698, 168.59082847480636, 8.693308668921174]
47 : -1234.2499025207549
第48次迭代参数： [0.7149723326922502, 173.16246484648812, 16.748498827186765, 0.28502766730774975, 168.59298363087575, 8.696183755311461]
48 : -1234.2520004971093
第49次迭代参数： [0.7147582538706218, 173.16300939856416, 16.749777251512203, 0.28524174612937825, 168.59504856727116, 8.69903839117597]
49 : -1234.2539440318346
第50次迭代参数： [0.7145452803265533, 173.16357716521682, 16.751042802154846, 0.28545471967344704, 168.59703543168874, 8.701872204684557]
50 : -1234.2557554846378
第51次迭代参数： [0.7143334517055466, 173.16416388178757, 16.752296331989044, 0.2856665482944532, 168.59895449770613, 8.704684978298364]
51 : -1234.2574537949554
第52次迭代参数： [0.7141228011031657, 173.16476594102062, 16.75353855019771, 0.28587719889683505, 168.60081445674695, 8.707476610745454]
52 : -1234.2590550069094
第53次迭代参数： [0.7139133558986676, 173.16538029244967, 16.754770048337146, 0.28608664410133255, 168.60262266440822, 8.710247087562193]
53 : -1234.260572713558
第54次迭代参数： [0.7137051384956071, 173.1660043571742, 16.755991321607258, 0.2862948615043929, 168.6043853483098, 8.712996458367982]
54 : -1234.262018432867
第55次迭代参数： [0.7134981669770522, 173.16663595567573, 16.757202786217437, 0.2865018330229481, 168.60610778350323, 8.715724819418089]
55 : -1234.2634019259733
第56次迭代参数： [0.7132924556830971, 173.16727324667383, 16.758404793572076, 0.2867075443169023, 168.60779444051713, 8.71843230028133]
56 : -1234.2647314666049
第57次迭代参数： [0.7130880157181974, 173.16791467533227, 16.759597641864104, 0.28691198428180303, 168.6094491103241, 8.721119053730893]
57 : -1234.2660140691708
第58次迭代参数： [0.712884855395494, 173.1685589293907, 16.760781585555918, 0.2871151446045058, 168.6110750098379, 8.723785248129339]
58 : -1234.2672556818807
第59次迭代参数： [0.7126829806249145, 173.1692049020006, 16.761956843136886, 0.287317019375085, 168.6126748709832, 8.726431061742199]
59 : -1234.268461350257
第60次迭代参数： [0.7124823952513065, 173.1698516602502, 16.763123603475172, 0.2875176047486933, 168.6142510159019, 8.72905667853634]
60 : -1234.2696353555646
第61次迭代参数： [0.7122831013483827, 173.17049841850195, 16.76428203102144, 0.2877168986516168, 168.61580542046198, 8.731662285115924]
61 : -1234.2707813320383
第62次迭代参数： [0.7120850994737257, 173.1711445158091, 16.76543227007531, 0.2879149005262739, 168.61733976788918, 8.734248068525057]
62 : -1234.2719023661136
第63次迭代参数： [0.7118883888895887, 173.17178939678854, 16.766574448285436, 0.2881116111104112, 168.61885549406472, 8.736814214706532]
63 : -1234.2730010804667
第64次迭代参数： [0.7116929677537513, 173.1724325954205, 16.76770867952321, 0.28830703224624893, 168.62035382578418, 8.739360907453465]
64 : -1234.274079705146
第65次迭代参数： [0.7114988332842254, 173.17307372132765, 16.76883506624371, 0.28850116671577464, 168.62183581307448, 8.74188832772787]
65 : -1234.2751401378016
第66次迭代参数： [0.7113059819011873, 173.17371244815428, 16.76995370142689, 0.2886940180988131, 168.62330235649395, 8.744396653249435]
66 : -1234.276183994667
第67次迭代参数： [0.7111144093491111, 173.1743485037267, 16.77106467017502, 0.28888559065088854, 168.62475423019512, 8.746886058280511]
67 : -1234.2772126537334
第68次迭代参数： [0.7109241108017372, 173.17498166171782, 16.77216805102801, 0.2890758891982631, 168.626192101408, 8.749356713551055]
68 : -1234.2782272912748
第69次迭代参数： [0.7107350809521726, 173.17561173459245, 16.77326391704756, 0.2892649190478276, 168.62761654690283, 8.75180878628113]
69 : -1234.2792289127826
第70次迭代参数： [0.7105473140901514, 173.17623856762953, 16.774352336711274, 0.28945268590984835, 168.62902806689894, 8.75424244026914]
70 : -1234.2802183791403
第71次迭代参数： [0.7103608041682086, 173.1768620338633, 16.77543337465087, 0.28963919583179115, 168.63042709681682, 8.756657836022223]
71 : -1234.2811964287796
第72次迭代参数： [0.7101755448583038, 173.17748202979942, 16.776507092261962, 0.2898244551416962, 168.63181401720968, 8.759055130911502]
72 : -1234.2821636964302
第73次迭代参数： [0.7099915296002266, 173.17809847178773, 16.777573548208384, 0.2900084703997731, 168.63318916215556, 8.761434479339734]
73 : -1234.2831207289928
第74次迭代参数： [0.7098087516429411, 173.178711292951, 16.778632798839517, 0.2901912483570592, 168.63455282634914, 8.763796032912476]
74 : -1234.2840679989654
第75次迭代参数： [0.7096272040798621, 173.17932044058674, 16.779684898536033, 0.2903727959201381, 168.6359052710952, 8.766139940606683]
75 : -1234.2850059158095
第76次迭代参数： [0.7094468798789371, 173.17992587396526, 16.78072989999644, 0.29055312012106277, 168.6372467293747, 8.76846634893268]
76 : -1234.2859348355594
第77次迭代参数： [0.7092677719082707, 173.1805275624674, 16.781767854475014, 0.2907322280917293, 168.63857741012578, 8.770775402086947]
77 : -1234.286855068973
第78次迭代参数： [0.7090898729579347, 173.18112548400862, 16.78279881197935, 0.2909101270420652, 168.6398975018627, 8.773067242094282]
78 : -1234.2877668884023
第79次迭代参数： [0.7089131757585183, 173.18171962370374, 16.783822821434605, 0.29108682424148147, 168.64120717573496, 8.775342008938672]
79 : -1234.288670533632
第80次迭代参数： [0.7087376729968918, 173.18230997273793, 16.784839930820258, 0.291262327003108, 168.64250658811335, 8.777599840682814]
80 : -1234.2895662167919
第81次迭代参数： [0.708563357329589, 173.1828965274111, 16.785850187283998, 0.29143664267041136, 168.64379588277583, 8.779840873576509]
81 : -1234.2904541265448
第82次迭代参数： [0.7083902213941591, 173.1834792883293, 16.78685363723674, 0.29160977860584153, 168.6450751927565, 8.782065242154534]
82 : -1234.2913344316044
第83次迭代参数： [0.7082182578187861, 173.18405825972025, 16.787850326431972, 0.29178174218121394, 168.64634464190794, 8.784273079324603]
83 : -1234.2922072837166
第84次迭代参数： [0.7080474592304368, 173.1846334488538, 16.788840300032017, 0.29195254076956323, 168.6476043462239, 8.786464516446248]
84 : -1234.293072820198
第85次迭代参数： [0.7078778182617432, 173.18520486555343, 16.789823602663695, 0.29212218173825616, 168.64885441495628, 8.78863968340137]
85 : -1234.2939311660632
第86次迭代参数： [0.7077093275568226, 173.1857725217803, 16.790800278464705, 0.2922906724431776, 168.65009495156116, 8.790798708657249]
86 : -1234.2947824358316
第87次迭代参数： [0.707541979776179, 173.18633643128487, 16.791770371122833, 0.2924580202238205, 168.65132605449915, 8.792941719322846]
87 : -1234.295626735071
第88次迭代参数： [0.7073757676008404, 173.18689660930755, 16.7927339239087, 0.2926242323991604, 168.65254781791214, 8.795068841199056]
88 : -1234.2964641616725
第89次迭代参数： [0.7072106837358241, 173.1874530723314, 16.793690979703584, 0.29278931626417576, 168.65376033219687, 8.79718019882361]
89 : -1234.2972948069637
第90次迭代参数： [0.7070467209130571, 173.18800583786677, 16.794641581022653, 0.2929532790869432, 168.65496368448933, 8.79927591551123]
90 : -1234.2981187566277
第91次迭代参数： [0.7068838718938091, 173.1885549242745, 16.795585770034805, 0.2931161281061915, 168.65615795907664, 8.801356113389637]
91 : -1234.2989360914864
第92次迭代参数： [0.7067221294707291, 173.1891003506134, 16.796523588579415, 0.2932778705292716, 168.65734323774478, 8.803420913431887]
92 : -1234.2997468881754
第93次迭代参数： [0.7065614864695351, 173.18964213651265, 16.797455078180608, 0.2934385135304641, 168.65851960007387, 8.805470435485487]
93 : -1234.3005512197005
第94次迭代参数： [0.7064019357504211, 173.19018030206198, 16.79838028005931, 0.29359806424957885, 168.65968712368823, 8.807504798298712]
94 : -1234.3013491559107
第95次迭代参数： [0.7062434702092056, 173.1907148677232, 16.79929923514377, 0.2937565297907937, 168.66084588446964, 8.809524119544484]
95 : -1234.3021407639117
第96次迭代参数： [0.7060860827782836, 173.19124585424947, 16.800211984078405, 0.29391391722171706, 168.6619959567367, 8.811528515842088]
96 : -1234.3029261084012
第97次迭代参数： [0.705929766427391, 173.1917732826235, 16.801118567231534, 0.2940702335726093, 168.6631374133995, 8.813518102777072]
97 : -1234.303705251967
第98次迭代参数： [0.7057745141642278, 173.19229717399938, 16.80201902470203, 0.2942254858357728, 168.66427032608877, 8.815492994919484]
98 : -1234.3044782553247
第99次迭代参数： [0.7056203190349474, 173.19281754965846, 16.80291339632511, 0.29437968096505196, 168.6653947652679, 8.817453305840738]
99 : -1234.3052451775377
第100次迭代参数： [0.7054671741245454, 173.19333443096818, 16.803801721677374, 0.2945328258754537, 168.6665108003272, 8.819399148129232]
100 : -1234.3060060761843
第101次迭代参数： [0.7053150725571513, 173.1938478393505, 16.804684040081305, 0.29468492744284847, 168.667618499665, 8.821330633404925]
101 : -1234.3067610075186
第102次迭代参数： [0.7051640074962452, 173.19435779625374, 16.8055603906092, 0.2948359925037549, 168.6687179307574, 8.823247872332978]
102 : -1234.3075100265944
第103次迭代参数： [0.7050139721448099, 173.19486432312837, 16.806430812086703, 0.2949860278551902, 168.669809160217, 8.825150974636593]
103 : -1234.3082531873752
第104次迭代参数： [0.7048649597454298, 173.19536744140788, 16.80729534309591, 0.2951350402545702, 168.6708922538444, 8.827040049109149]
104 : -1234.3089905428317
第105次迭代参数： [0.7047169635803392, 173.1958671724921, 16.808154021978275, 0.29528303641966075, 168.6719672766714, 8.828915203625717]
105 : -1234.3097221450175
第106次迭代参数： [0.7045699769714336, 173.1963635377332, 16.80900688683712, 0.2954300230285657, 168.67303429299923, 8.830776545154036]
106 : -1234.31044804514
第107次迭代参数： [0.7044239932802525, 173.19685655842338, 16.809853975539994, 0.2955760067197474, 168.6740933664322, 8.832624179765041]
107 : -1234.311168293619
第108次迭代参数： [0.7042790059079239, 173.1973462557864, 16.81069532572098, 0.2957209940920761, 168.67514455990522, 8.83445821264296]
108 : -1234.3118829401387
第109次迭代参数： [0.7041350082950935, 173.19783265096845, 16.81153097478259, 0.29586499170490543, 168.67618793570918, 8.836278748095042]
109 : -1234.3125920336918
第110次迭代参数： [0.7039919939218349, 173.19831576503057, 16.812360959897656, 0.29600800607816485, 168.67722355551248, 8.838085889560954]
110 : -1234.3132956226084
第111次迭代参数： [0.7038499563075353, 173.19879561894504, 16.8131853180112, 0.2961500436924643, 168.67825148038114, 8.83987973962193]
111 : -1234.313993754606
第112次迭代参数： [0.7037088890107751, 173.1992722335887, 16.81400408584205, 0.29629111098922484, 168.6792717707944, 8.841660400009609]
112 : -1234.3146864768037
第113次迭代参数： [0.7035687856291915, 173.1997456297401, 16.814817299884435, 0.29643121437080827, 168.68028448666135, 8.843427971614682]
113 : -1234.3153738357457
第114次迭代参数： [0.703429639799334, 173.20021582807587, 16.815624996409557, 0.2965703602006651, 168.6812896873335, 8.845182554495322]
114 : -1234.3160558774416
第115次迭代参数： [0.7032914451965133, 173.20068284916766, 16.81642721146702, 0.2967085548034868, 168.68228743161717, 8.846924247885411]
115 : -1234.3167326473647
第116次迭代参数： [0.7031541955346374, 173.20114671348134, 16.817223980886276, 0.29684580446536285, 168.68327777778504, 8.84865315020262]
116 : -1234.3174041904806
第117次迭代参数： [0.7030178845660483, 173.20160744137416, 16.818015340278034, 0.2969821154339521, 168.6842607835852, 8.850369359056305]
117 : -1234.3180705512557
第118次迭代参数： [0.7028825060813503, 173.20206505309366, 16.818801325035512, 0.29711749391864967, 168.68523650625102, 8.852072971255271]
118 : -1234.31873177368
第119次迭代参数： [0.7027480539092384, 173.20251956877638, 16.819581970335776, 0.29725194609076133, 168.68620500250978, 8.85376408281542]
119 : -1234.3193879012706
第120次迭代参数： [0.7026145219163193, 173.20297100844743, 16.820357311141077, 0.29738547808368077, 168.68716632859, 8.855442788967245]
120 : -1234.3200389770875
第121次迭代参数： [0.7024819040069299, 173.20341939202015, 16.821127382200036, 0.29751809599307016, 168.68812054022894, 8.85710918416321]
121 : -1234.3206850437434
第122次迭代参数： [0.7023501941229572, 173.2038647392947, 16.821892218048863, 0.29764980587704304, 168.68906769267974, 8.85876336208505]
122 : -1234.321326143411
第123次迭代参数： [0.7022193862436537, 173.2043070699588, 16.822651853012644, 0.297780613756346, 168.6900078407178, 8.860405415650936]
123 : -1234.321962317832
第124次迭代参数： [0.7020894743854532, 173.20474640358657, 16.823406321206452, 0.29791052561454695, 168.6909410386465, 8.86203543702255]
124 : -1234.3225936083259
第125次迭代参数： [0.7019604526017834, 173.20518275963983, 16.82415565653657, 0.29803954739821703, 168.6918673403036, 8.863653517612072]
125 : -1234.323220055798
第126次迭代参数： [0.7018323149828792, 173.20561615746706, 16.82489989270163, 0.29816768501712076, 168.69278679906685, 8.865259748089075]
126 : -1234.3238417007453
第127次迭代参数： [0.701705055655596, 173.20604661630358, 16.82563906319381, 0.29829494434440373, 168.69369946785878, 8.866854218387331]
127 : -1234.3244585832651
第128次迭代参数： [0.7015786687832218, 173.20647415527225, 16.82637320129992, 0.2984213312167784, 168.69460539915218, 8.868437017711523]
128 : -1234.325070743054
第129次迭代参数： [0.7014531485652881, 173.20689879338386, 16.827102340102538, 0.2985468514347118, 168.6955046449755, 8.8700082345439]
129 : -1234.3256782194264
第130次迭代参数： [0.7013284892373836, 173.20732054953632, 16.82782651248117, 0.2986715107626167, 168.69639725691718, 8.871567956650845]
130 : -1234.3262810513077
第131次迭代参数： [0.7012046850709638, 173.2077394425165, 16.82854575111335, 0.29879531492903666, 168.69728328613036, 8.873116271089348]
131 : -1234.3268792772453
第132次迭代参数： [0.7010817303731651, 173.2081554909992, 16.8292600884757, 0.29891826962683543, 168.698162783338, 8.874653264213437]
132 : -1234.327472935416
第133次迭代参数： [0.700959619486616, 173.2085687135485, 16.829969556845104, 0.2990403805133841, 168.69903579883697, 8.87617902168052]
133 : -1234.328062063628
第134次迭代参数： [0.7008383467892495, 173.20897912861773, 16.830674188299746, 0.2991616532107505, 168.69990238250188, 8.877693628457632]
134 : -1234.328646699324
第135次迭代参数： [0.700717906694116, 173.20938675455005, 16.831374014720158, 0.29928209330588385, 168.70076258379027, 8.87919716882766]
135 : -1234.3292268795885
第136次迭代参数： [0.7005982936491975, 173.20979160957893, 16.83206906779037, 0.2994017063508023, 168.7016164517465, 8.880689726395481]
136 : -1234.3298026411549
第137次迭代参数： [0.7004795021372199, 173.21019371182823, 16.832759378998947, 0.29952049786278057, 168.70246403500553, 8.882171384094008]
137 : -1234.3303740203994
第138次迭代参数： [0.7003615266754678, 173.21059307931347, 16.83344497964004, 0.2996384733245333, 168.7033053817976, 8.883642224190224]
138 : -1234.330941053364
第139次迭代参数： [0.7002443618155962, 173.21098972994196, 16.83412590081449, 0.2997556381844031, 168.70414053995202, 8.885102328291108]
139 : -1234.3315037757382
第140次迭代参数： [0.7001280021434513, 173.21138368151202, 16.834802173430845, 0.299871997856548, 168.7049695569001, 8.886551777349503]
140 : -1234.332062222884
第141次迭代参数： [0.7000124422788815, 173.2117749517156, 16.835473828206364, 0.2999875577211187, 168.7057924796801, 8.887990651669929]
141 : -1234.332616429821
第142次迭代参数： [0.6998976768755543, 173.21216355813792, 16.836140895668137, 0.30010232312444574, 168.70660935494143, 8.889419030914365]
142 : -1234.3331664312477
第143次迭代参数： [0.6997837006207731, 173.21254951825728, 16.83680340615413, 0.30021629937922717, 168.7074202289468, 8.89083699410791]
143 : -1234.3337122615358
第144次迭代参数： [0.6996705082352949, 173.2129328494463, 16.83746138981411, 0.3003294917647055, 168.7082251475774, 8.892244619644444]
144 : -1234.334253954733
第145次迭代参数： [0.6995580944731458, 173.21331356897292, 16.838114876610828, 0.3004419055268531, 168.70902415633554, 8.89364198529218]
145 : -1234.334791544569
第146次迭代参数： [0.699446454121445, 173.21369169399867, 16.83876389632084, 0.30055354587855476, 168.70981730034882, 8.895029168199201]
146 : -1234.3353250644616
第147次迭代参数： [0.6993355820002173, 173.21406724158248, 16.839408478535752, 0.30066441799978316, 168.71060462437327, 8.896406244898909]
147 : -1234.3358545475176
第148次迭代参数： [0.6992254729622154, 173.21444022867868, 16.840048652663036, 0.3007745270377851, 168.7113861727976, 8.897773291315444]
148 : -1234.3363800265388
第149次迭代参数： [0.6991161218927399, 173.21481067213853, 16.840684447927195, 0.30088387810725975, 168.71216198964586, 8.89913038276903]
149 : -1234.3369015340197
第150次迭代参数： [0.6990075237094613, 173.21517858871016, 16.841315893370652, 0.3009924762905383, 168.71293211858094, 8.90047759398127]
150 : -1234.3374191021578
第151次迭代参数： [0.6988996733622397, 173.2155439950397, 16.841943017854803, 0.30110032663776065, 168.71369660290804, 8.901814999080377]
151 : -1234.3379327628538
第152次迭代参数： [0.6987925658329469, 173.21590690767184, 16.842565850060982, 0.30120743416705315, 168.71445548557875, 8.903142671606387]
152 : -1234.338442547714
第153次迭代参数： [0.6986861961352899, 173.21626734304965, 16.843184418491518, 0.30131380386470963, 168.71520880919317, 8.904460684516282]
153 : -1234.3389484880565
第154次迭代参数： [0.698580559314635, 173.21662531751522, 16.84379875147063, 0.3014194406853656, 168.71595661600352, 8.905769110189068]
154 : -1234.339450614911
第155次迭代参数： [0.698475650447828, 173.21698084731165, 16.84440887714548, 0.30152434955217167, 168.7166989479181, 8.907068020430822]
155 : -1234.339948959024
第156次迭代参数： [0.6983714646430234, 173.21733394858094, 16.845014823487112, 0.30162853535697576, 168.7174358465035, 8.908357486479677]
156 : -1234.3404435508653
第157次迭代参数： [0.6982679970395085, 173.2176846373664, 16.845616618291434, 0.3017320029604916, 168.71816735298802, 8.909637579010734]
157 : -1234.3409344206202
第158次迭代参数： [0.6981652428075255, 173.21803292961337, 16.846214289180207, 0.3018347571924741, 168.7188935082651, 8.910908368140971]
158 : -1234.3414215982048
第159次迭代参数： [0.698063197148103, 173.21837884116817, 16.846807863601956, 0.30193680285189617, 168.71961435289623, 8.91216992343406]
159 : -1234.3419051132657
第160次迭代参数： [0.6979618552928825, 173.21872238777945, 16.847397368832993, 0.3020381447071181, 168.7203299271136, 8.913422313905162]
160 : -1234.3423849951748
第161次迭代参数： [0.697861212503942, 173.21906358509972, 16.84798283197835, 0.30213878749605805, 168.72104027082432, 8.914665608025679]
161 : -1234.342861273044
第162次迭代参数： [0.697761264073628, 173.21940244868387, 16.848564279972756, 0.30223873592637185, 168.72174542361122, 8.915899873727913]
162 : -1234.343333975723
第163次迭代参数： [0.697662005324386, 173.2197389939909, 16.849141739581466, 0.3023379946756139, 168.72244542473842, 8.917125178409751]
163 : -1234.3438031317999
第164次迭代参数： [0.697563431608587, 173.2200732363842, 16.84971523740141, 0.30243656839141325, 168.723140313152, 8.91834158893924]
164 : -1234.3442687696045
第165次迭代参数： [0.6974655383083594, 173.22040519113236, 16.850284799861942, 0.30253446169164083, 168.72383012748418, 8.91954917165915]
165 : -1234.3447309172145
第166次迭代参数： [0.6973683208354196, 173.2207348734091, 16.8508504532259, 0.30263167916458034, 168.72451490605556, 8.920747992391478]
166 : -1234.3451896024583
第167次迭代参数： [0.697271774630905, 173.22106229829382, 16.851412223590444, 0.3027282253690949, 168.72519468687824, 8.921938116441915]
167 : -1234.3456448529112
第168次迭代参数： [0.6971758951652056, 173.22138748077262, 16.85197013688807, 0.3028241048347937, 168.72586950765856, 8.92311960860428]
168 : -1234.3460966959067
第169次迭代参数： [0.6970806779377997, 173.22171043573792, 16.852524218887453, 0.3029193220622008, 168.7265394057999, 8.92429253316489]
169 : -1234.3465451585314
第170次迭代参数： [0.6969861184770808, 173.22203117799071, 16.853074495194488, 0.3030138815229191, 168.72720441840505, 8.925456953906886]
170 : -1234.3469902676352
第171次迭代参数： [0.6968922123402003, 173.22234972223828, 16.853620991253024, 0.3031077876598002, 168.72786458227932, 8.926612934114543]
171 : -1234.3474320498265
第172次迭代参数： [0.6967989551128966, 173.2226660830976, 16.85416373234597, 0.3032010448871038, 168.72851993393274, 8.927760536577503]
172 : -1234.3478705314785
第173次迭代参数： [0.6967063424093345, 173.2229802750938, 16.85470274359602, 0.30329365759066507, 168.7291705095838, 8.928899823595016]
173 : -1234.348305738736
第174次迭代参数： [0.6966143698719417, 173.2232923126609, 16.855238049966736, 0.3033856301280589, 168.7298163451603, 8.930030856980077]
174 : -1234.348737697502
第175次迭代参数： [0.696523033171242, 173.22360221014407, 16.855769676263304, 0.303476966828758, 168.73045747630357, 8.931153698063572]
175 : -1234.3491664334629
第176次迭代参数： [0.6964323280056978, 173.2239099817975, 16.856297647133506, 0.3035676719943021, 168.73109393837007, 8.932268407698368]
176 : -1234.3495919720744
第177次迭代参数： [0.6963422501015458, 173.22421564178674, 16.85682198706858, 0.30365774989845384, 168.73172576643418, 8.933375046263352]
177 : -1234.3500143385672
第178次迭代参数： [0.6962527952126388, 173.2245192041883, 16.857342720404112, 0.3037472047873614, 168.73235299529088, 8.934473673667455]
178 : -1234.350433557951
第179次迭代参数： [0.6961639591202816, 173.22482068299118, 16.857859871320965, 0.3038360408797184, 168.73297565945788, 8.935564349353612]
179 : -1234.3508496550216
第180次迭代参数： [0.696075737633074, 173.2251200920958, 16.858373463846075, 0.30392426236692544, 168.73359379317833, 8.936647132302703]
180 : -1234.3512626543516
第181次迭代参数： [0.6959881265867537, 173.22541744531526, 16.858883521853386, 0.3040118734132461, 168.7342074304232, 8.937722081037453]
181 : -1234.351672580301
第182次迭代参数： [0.6959011218440351, 173.22571275637645, 16.85939006906473, 0.3040988781559649, 168.7348166048936, 8.938789253626284]
182 : -1234.3520794570215
第183次迭代参数： [0.6958147192944524, 173.22600603891956, 16.859893129050665, 0.30418528070554723, 168.73542135002327, 8.93984870768714]
183 : -1234.3524833084502
第184次迭代参数： [0.6957289148542057, 173.22629730649862, 16.860392725231332, 0.3042710851457949, 168.73602169898072, 8.940900500391274]
184 : -1234.352884158317
第185次迭代参数： [0.6956437044660005, 173.2265865725829, 16.86088888087737, 0.30435629553400007, 168.73661768467198, 8.941944688466998]
185 : -1234.3532820301475
第186次迭代参数： [0.6955590840988949, 173.2268738505565, 16.861381619110723, 0.30444091590110534, 168.73720933974224, 8.942981328203393]
186 : -1234.353676947264
第187次迭代参数： [0.6954750497481448, 173.22715915371865, 16.861870962905492, 0.30452495025185516, 168.73779669657873, 8.944010475453991]
187 : -1234.354068932783
第188次迭代参数： [0.69539159743505, 173.2274424952849, 16.862356935088822, 0.3046084025649495, 168.73837978731282, 8.94503218564043]
188 : -1234.3544580096284
第189次迭代参数： [0.695308723206801, 173.22772388838706, 16.862839558341722, 0.30469127679319913, 168.73895864382177, 8.946046513756041]
189 : -1234.3548442005213
第190次迭代参数： [0.6952264231363247, 173.22800334607427, 16.86331885519989, 0.30477357686367545, 168.73953329773198, 8.947053514369443]
190 : -1234.355227527987
第191次迭代参数： [0.6951446933221337, 173.22828088131274, 16.86379484805461, 0.3048553066778664, 168.74010378042007, 8.948053241628074]
191 : -1234.3556080143617
第192次迭代参数： [0.6950635298881748, 173.22855650698656, 16.86426755915353, 0.3049364701118254, 168.74067012301558, 8.949045749261705]
192 : -1234.355985681786
第193次迭代参数： [0.6949829289836776, 173.22883023589827, 16.8647370106015, 0.30501707101632175, 168.74123235640326, 8.950031090585917]
193 : -1234.3563605522124
第194次迭代参数： [0.6949028867830074, 173.22910208076866, 16.865203224361437, 0.30509711321699234, 168.74179051122476, 8.95100931850554]
194 : -1234.356732647406
第195次迭代参数： [0.6948233994855121, 173.22937205423833, 16.865666222255097, 0.30517660051448786, 168.74234461788106, 8.951980485518066]
195 : -1234.3571019889441
第196次迭代参数： [0.6947444633153753, 173.2296401688673, 16.866126025963933, 0.30525553668462446, 168.74289470653446, 8.952944643717027]
196 : -1234.3574685982205
第197次迭代参数： [0.6946660745214688, 173.22990643713575, 16.866582657029902, 0.30533392547853105, 168.7434408071103, 8.95390184479534]
197 : -1234.3578324964476
第198次迭代参数： [0.6945882293772051, 173.23017087144424, 16.86703613685623, 0.30541177062279456, 168.74398294930015, 8.954852140048635]
198 : -1234.3581937046602
第199次迭代参数： [0.6945109241803902, 173.2304334841145, 16.86748648670835, 0.30548907581960916, 168.7445211625621, 8.955795580378535]
199 : -1234.3585522437072
第200次迭代参数： [0.6944341552530789, 173.23069428738953, 16.86793372771453, 0.305565844746921, 168.7450554761239, 8.956732216295892]
200 : -1234.3589081342686
第201次迭代参数： [0.6943579189414278, 173.23095329343462, 16.868377880866802, 0.3056420810585722, 168.7455859189847, 8.957662097924034]
201 : -1234.3592613968426
第202次迭代参数： [0.6942822116155531, 173.231210514337, 16.8688189670217, 0.30571778838444724, 168.7461125199173, 8.958585275001958]
202 : -1234.3596120517586
第203次迭代参数： [0.6942070296693835, 173.23146596210714, 16.869257006901123, 0.30579297033061553, 168.74663530746966, 8.959501796887503]
203 : -1234.359960119173
第204次迭代参数： [0.6941323695205213, 173.23171964867768, 16.869692021093027, 0.3058676304794783, 168.74715430996628, 8.960411712560452]
204 : -1234.3603056190684
第205次迭代参数： [0.6940582276100966, 173.2319715859062, 16.87012403005225, 0.30594177238990306, 168.74766955551155, 8.96131507062567]
205 : -1234.3606485712671
第206次迭代参数： [0.693984600402627, 173.23222178557353, 16.870553054101325, 0.30601539959737284, 168.74818107199067, 8.962211919316179]
206 : -1234.360988995417
第207次迭代参数： [0.6939114843858754, 173.2324702593854, 16.870979113431257, 0.3060885156141247, 168.7486888870714, 8.963102306496204]
207 : -1234.3613269110035
第208次迭代参数： [0.6938388760707092, 173.23271701897255, 16.871402228102255, 0.3061611239292902, 168.74919302820646, 8.963986279664189]
208 : -1234.3616623373503
第209次迭代参数： [0.6937667719909635, 173.23296207589044, 16.871822418044506, 0.30623322800903596, 168.749693522635, 8.964863885955808]
209 : -1234.361995293618
第210次迭代参数： [0.6936951687032992, 173.233205441621, 16.87223970305901, 0.30630483129670066, 168.7501903973845, 8.965735172146918]
210 : -1234.3623257988056
第211次迭代参数： [0.6936240627870643, 173.23344712757225, 16.872654102818267, 0.30637593721293577, 168.7506836792725, 8.966600184656503]
211 : -1234.3626538717547
第212次迭代参数： [0.6935534508441573, 173.23368714507896, 16.873065636867082, 0.30644654915584296, 168.7511733949082, 8.967458969549584]
212 : -1234.362979531148
第213次迭代参数： [0.6934833294988894, 173.23392550540282, 16.873474324623285, 0.30651667050111026, 168.75165957069498, 8.96831157254012]
213 : -1234.3633027955168
第214次迭代参数： [0.6934136953978499, 173.2341622197327, 16.873880185378535, 0.3065863046021496, 168.7521422328314, 8.969158038993863]
214 : -1234.3636236832303
第215次迭代参数： [0.6933445452097688, 173.2343972991857, 16.87428323829904, 0.306655454790232, 168.75262140731246, 8.969998413931169]
215 : -1234.3639422125145
第216次迭代参数： [0.6932758756253803, 173.23463075480782, 16.874683502426272, 0.30672412437462027, 168.75309711993307, 8.97083274202984]
216 : -1234.3642584014362
第217次迭代参数： [0.6932076833572907, 173.23486259757297, 16.8750809966778, 0.30679231664270973, 168.75356939628784, 8.971661067627897]
217 : -1234.3645722679141
第218次迭代参数： [0.6931399651398434, 173.23509283838465, 16.87547573984792, 0.306860034860156, 168.75403826177399, 8.972483434726335]
218 : -1234.3648838297213
第219次迭代参数： [0.6930727177289885, 173.23532148807536, 16.875867750608478, 0.3069272822710116, 168.7545037415921, 8.973299886991855]
219 : -1234.3651931044822
第220次迭代参数： [0.6930059379021455, 173.2355485574085, 16.876257047509544, 0.3069940620978543, 168.7549658607488, 8.974110467759578]
220 : -1234.365500109676
第221次迭代参数： [0.6929396224580754, 173.23577405707718, 16.87664364898018, 0.30706037754192406, 168.75542464405754, 8.97491522003573]
221 : -1234.3658048626348
第222次迭代参数： [0.6928737682167486, 173.2359979977054, 16.877027573329148, 0.30712623178325177, 168.7558801161401, 8.975714186500289]
222 : -1234.3661073805495
第223次迭代参数： [0.6928083720192126, 173.2362203898489, 16.87740883874561, 0.3071916279807873, 168.75633230142932, 8.976507409509642]
223 : -1234.366407680473
第224次迭代参数： [0.6927434307274652, 173.23644124399428, 16.877787463299896, 0.30725656927253553, 168.75678122416895, 8.977294931099175]
224 : -1234.3667057793102
第225次迭代参数： [0.6926789412243233, 173.2366605705608, 16.878163464944148, 0.3073210587756769, 168.75722690841755, 8.978076792985899]
225 : -1234.367001693838
第226次迭代参数： [0.692614900413295, 173.23687837989948, 16.878536861513147, 0.3073850995867054, 168.75766937804735, 8.978853036570978]
226 : -1234.3672954406832
第227次迭代参数： [0.6925513052184512, 173.23709468229478, 16.87890767072488, 0.3074486947815481, 168.7581086567481, 8.979623702942298]
227 : -1234.3675870363447
第228次迭代参数： [0.6924881525843009, 173.23730948796359, 16.87927591018135, 0.3075118474156991, 168.75854476802675, 8.980388832876967]
228 : -1234.3678764971842
第229次迭代参数： [0.69242543947566, 173.2375228070575, 16.8796415973692, 0.30757456052433946, 168.75897773521024, 8.98114846684382]
229 : -1234.3681638394269
第230次迭代参数： [0.6923631628775305, 173.23773464966104, 16.880004749660447, 0.3076368371224688, 168.75940758144677, 8.981902645005913]
230 : -1234.3684490791716
第231次迭代参数： [0.692301319794972, 173.23794502579366, 16.880365384313222, 0.3076986802050276, 168.75983432970648, 8.982651407222951]
231 : -1234.3687322323788
第232次迭代参数： [0.6922399072529776, 173.2381539454096, 16.880723518472358, 0.3077600927470216, 168.76025800278418, 8.98339479305374]
232 : -1234.369013314883
第233次迭代参数： [0.6921789222963524, 173.23836141839766, 16.881079169170153, 0.3078210777036477, 168.76067862329975, 8.984132841758592]
233 : -1234.369292342387
第234次迭代参数： [0.6921183619895865, 173.23856745458303, 16.881432353327046, 0.3078816380104141, 168.76109621370003, 8.984865592301711]
234 : -1234.3695693304694
第235次迭代参数： [0.692058223416733, 173.23877206372666, 16.88178308775228, 0.3079417765832666, 168.7615107962603, 8.985593083353564]
235 : -1234.36984429458
第236次迭代参数： [0.6919985036812897, 173.23897525552496, 16.882131389144554, 0.30800149631871054, 168.7619223930851, 8.986315353293227]
236 : -1234.3701172500441
第237次迭代参数： [0.6919391999060732, 173.23917703961217, 16.88247727409274, 0.3080608000939266, 168.7623310261107, 8.987032440210717]
237 : -1234.3703882120592
第238次迭代参数： [0.6918803092331013, 173.23937742555864, 16.882820759076527, 0.3081196907668989, 168.76273671710535, 8.987744381909293]
238 : -1234.3706571957043
第239次迭代参数： [0.6918218288234717, 173.2395764228728, 16.883161860467084, 0.3081781711765286, 168.7631394876718, 8.988451215907746]
239 : -1234.3709242159348
第240次迭代参数： [0.6917637558572416, 173.23977404100071, 16.883500594527792, 0.30823624414275874, 168.76353935924735, 8.989152979442665]
240 : -1234.371189287584
第241次迭代参数： [0.6917060875333103, 173.2399702893265, 16.88383697741476, 0.30829391246669025, 168.76393635310617, 8.98984970947067]
241 : -1234.3714524253699
第242次迭代参数： [0.6916488210693007, 173.24016517717305, 16.88417102517761, 0.3083511789306995, 168.76433049036055, 8.99054144267067]
242 : -1234.3717136438815
第243次迭代参数： [0.6915919537014424, 173.24035871380175, 16.88450275376008, 0.30840804629855795, 168.76472179196202, 8.991228215446046]
243 : -1234.371972957603
第244次迭代参数： [0.6915354826844529, 173.24055090841384, 16.884832179000707, 0.30846451731554736, 168.7651102787024, 8.99191006392684]
244 : -1234.3722303808943
第245次迭代参数： [0.6914794052914217, 173.24074177015004, 16.885159316633406, 0.30852059470857784, 168.76549597121533, 8.992587023971927]
245 : -1234.3724859279998
第246次迭代参数： [0.6914237188136975, 173.24093130809058, 16.88548418228813, 0.3085762811863028, 168.76587888997756, 8.99325913117116]
246 : -1234.372739613053
第247次迭代参数： [0.6913684205607699, 173.2411195312569, 16.885806791491564, 0.30863157943923036, 168.76625905531088, 8.993926420847522]
247 : -1234.3729914500686
第248次迭代参数： [0.6913135078601558, 173.24130644861071, 16.886127159667748, 0.3086864921398442, 168.7666364873822, 8.994588928059223]
248 : -1234.3732414529577
第249次迭代参数： [0.6912589780572855, 173.24149206905497, 16.886445302138657, 0.3087410219427144, 168.76701120620507, 8.99524668760178]
249 : -1234.3734896355118
第250次迭代参数： [0.691204828515391, 173.24167640143384, 16.88676123412483, 0.30879517148460894, 168.767383231642, 8.995899734010122]
250 : -1234.3737360114123
第251次迭代参数： [0.6911510566153919, 173.24185945453365, 16.88707497074609, 0.3088489433846082, 168.7677525834043, 8.996548101560636]
251 : -1234.373980594237
第252次迭代参数： [0.6910976597557834, 173.2420412370827, 16.887386527022073, 0.3089023402442166, 168.76811928105434, 8.997191824273209]
252 : -1234.3742233974497
第253次迭代参数： [0.6910446353525259, 173.2422217577518, 16.887695917872893, 0.30895536464747425, 168.76848334400592, 8.997830935913242]
253 : -1234.3744644344104
第254次迭代参数： [0.6909919808389327, 173.24240102515495, 16.888003158119727, 0.30900801916106685, 168.7688447915261, 8.99846546999367]
254 : -1234.37470371837
第255次迭代参数： [0.6909396936655622, 173.24257904784872, 16.888308262485445, 0.30906030633443743, 168.769203642736, 8.999095459776939]
255 : -1234.3749412624734
第256次迭代参数： [0.6908877713001069, 173.24275583433376, 16.888611245595225, 0.30911222869989324, 168.76955991661202, 8.999720938276978]
256 : -1234.3751770797667
第257次迭代参数： [0.6908362112272841, 173.24293139305473, 16.88891212197715, 0.3091637887727157, 168.7699136319877, 9.000341938261169]
257 : -1234.375411183183
第258次迭代参数： [0.6907850109487287, 173.24310573239998, 16.889210906062832, 0.3092149890512716, 168.7702648075535, 9.000958492252263]
258 : -1234.3756435855596
第259次迭代参数： [0.6907341679828838, 173.24327886070333, 16.889507612187987, 0.3092658320171157, 168.77061346185934, 9.001570632530312]
259 : -1234.375874299631
第260次迭代参数： [0.6906836798648963, 173.2434507862423, 16.88980225459302, 0.3093163201351035, 168.7709596133146, 9.002178391134578]
260 : -1234.3761033380254
第261次迭代参数： [0.6906335441465083, 173.24362151724088, 16.890094847423665, 0.3093664558534917, 168.77130328019012, 9.002781799865405]
261 : -1234.3763307132779
第262次迭代参数： [0.6905837583959519, 173.24379106186788, 16.890385404731525, 0.3094162416040487, 168.771644480619, 9.00338089028611]
262 : -1234.3765564378205
第263次迭代参数： [0.6905343201978427, 173.24395942823864, 16.890673940474727, 0.30946567980215733, 168.7719832325977, 9.003975693724836]
263 : -1234.3767805239902
第264次迭代参数： [0.6904852271530766, 173.24412662441424, 16.89096046851844, 0.3095147728469233, 168.77231955398668, 9.004566241276379]
264 : -1234.37700298402
第265次迭代参数： [0.690436476878725, 173.24429265840263, 16.89124500263546, 0.30956352312127483, 168.7726534625121, 9.00515256380402]
265 : -1234.377223830053
第266次迭代参数： [0.6903880670079313, 173.24445753815883, 16.89152755650683, 0.3096119329920679, 168.77298497576692, 9.005734691941338]
266 : -1234.3774430741337
第267次迭代参数： [0.6903399951898087, 173.24462127158463, 16.89180814372238, 0.30966000481019085, 168.7733141112114, 9.006312656094003]
267 : -1234.3776607282075
第268次迭代参数： [0.6902922590893363, 173.24478386652999, 16.892086777781316, 0.30970774091066366, 168.77364088617466, 9.006886486441546]
268 : -1234.3778768041352
第269次迭代参数： [0.6902448563872574, 173.2449453307926, 16.89236347209279, 0.30975514361274237, 168.77396531785558, 9.007456212939138]
269 : -1234.3780913136784
第270次迭代参数： [0.6901977847799805, 173.245105672118, 16.892638239976435, 0.3098022152200201, 168.77428742332378, 9.008021865319318]
270 : -1234.378304268502
第271次迭代参数： [0.6901510419794744, 173.24526489820116, 16.892911094663006, 0.30984895802052537, 168.7746072195207, 9.00858347309375]
271 : -1234.3785156801885
第272次迭代参数： [0.6901046257131731, 173.24542301668498, 16.893182049294822, 0.30989537428682623, 168.77492472326077, 9.009141065554932]
272 : -1234.3787255602224
第273次迭代参数： [0.6900585337238733, 173.24558003516177, 16.89345111692643, 0.3099414662761269, 168.77523995123164, 9.009694671777888]
273 : -1234.3789339200034
第274次迭代参数： [0.6900127637696354, 173.24573596117386, 16.893718310525074, 0.3099872362303653, 168.77555291999644, 9.010244320621876]
274 : -1234.379140770837
第275次迭代参数： [0.6899673136236852, 173.24589080221327, 16.893983642971325, 0.31003268637631415, 168.77586364599435, 9.010790040732068]
275 : -1234.3793461239432
第276次迭代参数： [0.6899221810743184, 173.24604456572138, 16.894247127059586, 0.31007781892568126, 168.77617214554041, 9.011331860541194]
276 : -1234.379549990451
第277次迭代参数： [0.6898773639248004, 173.24619725909082, 16.894508775498597, 0.3101226360751999, 168.77647843482802, 9.011869808271191]
277 : -1234.3797523814048
第278次迭代参数： [0.6898328599932699, 173.2463488896651, 16.894768600912055, 0.31016714000673, 168.77678252992933, 9.012403911934856]
278 : -1234.379953307765
第279次迭代参数： [0.6897886671126451, 173.2464994647381, 16.895026615839093, 0.3102113328873548, 168.7770844467962, 9.01293419933745]
279 : -1234.3801527804023
第280次迭代参数： [0.6897447831305259, 173.2466489915554, 16.89528283273486, 0.3102552168694739, 168.77738420126127, 9.013460698078317]
280 : -1234.3803508101037
第281次迭代参数： [0.6897012059091001, 173.2467974773143, 16.895537263971022, 0.31029879409090033, 168.77768180903823, 9.013983435552463]
281 : -1234.3805474075727
第282次迭代参数： [0.6896579333250472, 173.24694492916424, 16.89578992183628, 0.3103420666749527, 168.7779772857242, 9.014502438952155]
282 : -1234.3807425834273
第283次迭代参数： [0.6896149632694473, 173.24709135420633, 16.896040818536953, 0.31038503673055373, 168.77827064679877, 9.015017735268465]
283 : -1234.380936348207
第284次迭代参数： [0.6895722936476832, 173.24723675949542, 16.896289966197436, 0.3104277063523168, 168.7785619076268, 9.015529351292844]
284 : -1234.3811287123674
第285次迭代参数： [0.6895299223793528, 173.2473811520378, 16.896537376860756, 0.31047007762064704, 168.7788510834577, 9.016037313618655]
285 : -1234.3813196862811
第286次迭代参数： [0.6894878473981735, 173.24752453879415, 16.896783062489085, 0.3105121526018257, 168.77913818942753, 9.016541648642699]
286 : -1234.381509280241
第287次迭代参数： [0.6894460666518926, 173.24766692667743, 16.897027034964225, 0.3105539333481073, 168.77942324055928, 9.017042382566737]
287 : -1234.3816975044604
第288次迭代参数： [0.6894045781021937, 173.24780832255547, 16.897269306088194, 0.31059542189780653, 168.77970625176397, 9.01753954139899]
288 : -1234.3818843690742
第289次迭代参数： [0.6893633797246068, 173.24794873324973, 16.897509887583663, 0.3106366202753929, 168.77998723784177, 9.018033150955633]
289 : -1234.382069884139
第290次迭代参数： [0.6893224695084191, 173.24808816553576, 16.897748791094504, 0.3106775304915807, 168.78026621348184, 9.018523236862263]
290 : -1234.3822540596298
第291次迭代参数： [0.6892818454565841, 173.24822662614415, 16.897986028186242, 0.310718154543416, 168.78054319326424, 9.019009824555365]
291 : -1234.3824369054482
第292次迭代参数： [0.689241505585634, 173.24836412176015, 16.898221610346592, 0.31075849441436637, 168.7808181916609, 9.019492939283785]
292 : -1234.3826184314205
第293次迭代参数： [0.6892014479255889, 173.24850065902447, 16.898455548986004, 0.310798552074411, 168.78109122303556, 9.019972606110157]
293 : -1234.3827986472886
第294次迭代参数： [0.6891616705198713, 173.24863624453283, 16.89868785543805, 0.31083832948012835, 168.78136230164537, 9.020448849912334]
294 : -1234.3829775627325
第295次迭代参数： [0.6891221714252178, 173.24877088483694, 16.898918540960008, 0.3108778285747823, 168.7816314416413, 9.02092169538481]
295 : -1234.3831551873436
第296次迭代参数： [0.6890829487115907, 173.24890458644478, 16.899147616733305, 0.31091705128841, 168.78189865706904, 9.021391167040118]
296 : -1234.3833315306517
第297次迭代参数： [0.6890440004620912, 173.24903735582078, 16.899375093864016, 0.3109559995379084, 168.78216396187022, 9.021857289210235]
297 : -1234.3835066021006
第298次迭代参数： [0.6890053247728768, 173.24916919938536, 16.89960098338335, 0.31099467522712265, 168.78242736988233, 9.022320086047959]
298 : -1234.3836804110726
第299次迭代参数： [0.6889669197530739, 173.2493001235159, 16.89982529624809, 0.31103308024692655, 168.78268889484048, 9.022779581528278]
299 : -1234.3838529668722
第300次迭代参数： [0.6889287835246904, 173.24943013454794, 16.900048043341158, 0.31107121647530905, 168.782948550378, 9.023235799449747]
300 : -1234.3840242787314
第301次迭代参数： [0.688890914222537, 173.2495592387728, 16.900269235471995, 0.31110908577746393, 168.7832063500265, 9.023688763435816]
301 : -1234.3841943558139
第302次迭代参数： [0.6888533099941359, 173.24968744244126, 16.900488883377133, 0.31114669000586376, 168.78346230721823, 9.0241384969362]
302 : -1234.384363207216
第303次迭代参数： [0.6888159689996445, 173.24981475176034, 16.900706997720576, 0.3111840310003557, 168.78371643528462, 9.024585023228171]
303 : -1234.3845308419532
第304次迭代参数： [0.6887788894117669, 173.2499411728968, 16.900923589094305, 0.31122111058823293, 168.7839687474589, 9.02502836541789]
304 : -1234.384697268984
第305次迭代参数： [0.6887420694156748, 173.2500667119749, 16.901138668018724, 0.311257930584325, 168.7842192568761, 9.025468546441711]
305 : -1234.3848624971913
第306次迭代参数： [0.6887055072089249, 173.25019137507815, 16.90135224494314, 0.31129449279107496, 168.78446797657406, 9.025905589067486]
306 : -1234.3850265353901
第307次迭代参数： [0.6886692010013764, 173.25031516824885, 16.90156433024625, 0.3113307989986235, 168.78471491949395, 9.026339515895842]
307 : -1234.3851893923324
第308次迭代参数： [0.6886331490151117, 173.2504380974887, 16.90177493423651, 0.3113668509848892, 168.78496009848098, 9.026770349361444]
308 : -1234.3853510766971
第309次迭代参数： [0.6885973494843525, 173.25056016875953, 16.901984067152693, 0.31140265051564714, 168.78520352628598, 9.027198111734288]
309 : -1234.3855115971035
第310次迭代参数： [0.6885618006553849, 173.25068138798156, 16.902191739164277, 0.3114381993446151, 168.78544521556455, 9.027622825120929]
310 : -1234.3856709620961
第311次迭代参数： [0.688526500786476, 173.25080176103643, 16.90239796037189, 0.31147349921352363, 168.7856851788793, 9.028044511465735]
311 : -1234.3858291801635
第312次迭代参数： [0.6884914481477973, 173.25092129376532, 16.902602740807772, 0.3115085518522026, 168.78592342869982, 9.02846319255212]
312 : -1234.3859862597242
第313次迭代参数： [0.688456641021344, 173.25103999197037, 16.902806090436247, 0.31154335897865604, 168.78615997740354, 9.028878890003767]
313 : -1234.3861422091334
第314次迭代参数： [0.6884220777008575, 173.2511578614147, 16.903008019154125, 0.3115779222991425, 168.78639483727608, 9.02929162528583]
314 : -1234.3862970366795
第315次迭代参数： [0.6883877564917498, 173.25127490782197, 16.903208536791094, 0.3116122435082504, 168.78662802051298, 9.029701419706162]
315 : -1234.386450750596
第316次迭代参数： [0.6883536757110236, 173.2513911368778, 16.903407653110307, 0.3116463242889762, 168.78685953921945, 9.030108294416497]
316 : -1234.3866033590443
第317次迭代参数： [0.6883198336871975, 173.25150655422874, 16.903605377808653, 0.3116801663128023, 168.78708940541122, 9.030512270413622]
317 : -1234.3867548701296
第318次迭代参数： [0.6882862287602295, 173.2516211654836, 16.903801720517276, 0.3117137712397705, 168.7873176310155, 9.030913368540572]
318 : -1234.3869052918947
第319次迭代参数： [0.68825285928144, 173.25173497621353, 16.903996690801982, 0.31174714071855963, 168.78754422787134, 9.031311609487782]
319 : -1234.3870546323174
第320次迭代参数： [0.6882197236134386, 173.2518479919513, 16.90419029816363, 0.31178027638656075, 168.78776920773083, 9.03170701379425]
320 : -1234.3872028993198
第321次迭代参数： [0.6881868201300493, 173.2519602181924, 16.904382552038626, 0.3118131798699515, 168.78799258225888, 9.032099601848676]
321 : -1234.3873501007595
第322次迭代参数： [0.6881541472162317, 173.25207166039624, 16.90457346179929, 0.3118458527837675, 168.78821436303534, 9.03248939389061]
322 : -1234.3874962444395
第323次迭代参数： [0.6881217032680146, 173.25218232398342, 16.904763036754293, 0.3118782967319851, 168.7884345615536, 9.032876410011573]
323 : -1234.3876413380965
第324次迭代参数： [0.6880894866924171, 173.25229221433918, 16.904951286149032, 0.3119105133075833, 168.78865318922323, 9.03326067015617]
324 : -1234.3877853894144
第325次迭代参数： [0.6880574959073759, 173.25240133681223, 16.90513821916613, 0.3119425040926236, 168.7888702573697, 9.033642194123225]
325 : -1234.3879284060179
第326次迭代参数： [0.6880257293416762, 173.2525096967141, 16.90532384492576, 0.3119742706583233, 168.78908577723485, 9.034021001566853]
326 : -1234.3880703954744
第327次迭代参数： [0.6879941854348773, 173.2526172993211, 16.905508172486094, 0.31200581456512294, 168.7892997599778, 9.034397111997565]
327 : -1234.3882113652874
第328次迭代参数： [0.6879628626372403, 173.2527241498739, 16.905691210843692, 0.3120371373627601, 168.789512216676, 9.03477054478336]
328 : -1234.388351322913
第329次迭代参数： [0.6879317594096572, 173.25283025357717, 16.905872968933945, 0.3120682405903429, 168.78972315832496, 9.035141319150783]
329 : -1234.3884902757463
第330次迭代参数： [0.6879008742235826, 173.25293561560034, 16.906053455631405, 0.3120991257764176, 168.78993259583962, 9.035509454186009]
330 : -1234.3886282311266
第331次迭代参数： [0.6878702055609595, 173.25304024107828, 16.906232679750257, 0.3121297944390397, 168.79014054005455, 9.035874968835884]
331 : -1234.388765196338
第332次迭代参数： [0.6878397519141544, 173.25314413510986, 16.906410650044627, 0.3121602480858456, 168.79034700172468, 9.036237881908988]
332 : -1234.3889011786086
第333次迭代参数： [0.6878095117858827, 173.25324730276083, 16.90658737520909, 0.31219048821411677, 168.79055199152629, 9.036598212076672]
333 : -1234.389036185112
第334次迭代参数： [0.6877794836891433, 173.25334974906124, 16.906762863878953, 0.3122205163108565, 168.7907555200567, 9.036955977874086]
334 : -1234.3891702229696
第335次迭代参数： [0.6877496661471484, 173.25345147900782, 16.906937124630712, 0.31225033385285117, 168.7909575978361, 9.037311197701214]
335 : -1234.38930329925
第336次迭代参数： [0.6877200576932561, 173.25355249756285, 16.907110165982424, 0.3122799423067439, 168.7911582353068, 9.037663889823877]
336 : -1234.3894354209654
第337次迭代参数： [0.6876906568709014, 173.2536528096553, 16.907281996394058, 0.3123093431290984, 168.79135744283482, 9.038014072374747]
337 : -1234.3895665950724
第338次迭代参数： [0.6876614622335318, 173.25375242018012, 16.907452624267897, 0.3123385377664686, 168.79155523071034, 9.03836176335436]
338 : -1234.3896968284835
第339次迭代参数： [0.6876324723445357, 173.25385133399976, 16.90762205794898, 0.3123675276554638, 168.7917516091477, 9.03870698063209]
339 : -1234.389826128054
第340次迭代参数： [0.6876036857771816, 173.25394955594268, 16.90779030572534, 0.31239631422281794, 168.79194658828655, 9.039049741947144]
340 : -1234.3899545005881
第341次迭代参数： [0.6875751011145481, 173.2540470908049, 16.907957375828506, 0.31242489888545233, 168.79214017819186, 9.039390064909528]
341 : -1234.3900819528371
第342次迭代参数： [0.687546716949459, 173.25414394335021, 16.90812327643381, 0.312453283050541, 168.79233238885567, 9.03972796700103]
342 : -1234.3902084915064
第343次迭代参数： [0.6875185318844196, 173.25424011830918, 16.9082880156608, 0.31248146811558075, 168.792523230196, 9.040063465576182]
343 : -1234.3903341232462
第344次迭代参数： [0.68749054453155, 173.2543356203808, 16.90845160157357, 0.3125094554684501, 168.79271271205877, 9.0403965778632]
344 : -1234.3904588546593
第345次迭代参数： [0.6874627535125221, 173.25443045423177, 16.908614042181135, 0.31253724648747794, 168.7929008442175, 9.04072732096494]
345 : -1234.390582692298
第346次迭代参数： [0.6874351574584949, 173.2545246244969, 16.9087753454378, 0.31256484254150524, 168.7930876363743, 9.041055711859832]
346 : -1234.3907056426676
第347次迭代参数： [0.6874077550100518, 173.25461813577965, 16.908935519243514, 0.3125922449899484, 168.79327309816037, 9.041381767402818]
347 : -1234.3908277122182
第348次迭代参数： [0.687380544817136, 173.25471099265215, 16.909094571444268, 0.3126194551828644, 168.79345723913616, 9.041705504326268]
348 : -1234.39094890736
第349次迭代参数： [0.6873535255389882, 173.2548031996552, 16.909252509832367, 0.3126464744610122, 168.7936400687924, 9.042026939240898]
349 : -1234.3910692344512
第350次迭代参数： [0.6873266958440848, 173.2548947612987, 16.909409342146876, 0.31267330415591527, 168.79382159655034, 9.042346088636686]
350 : -1234.3911886997998
第351次迭代参数： [0.6873000544100762, 173.25498568206163, 16.909565076073907, 0.3126999455899233, 168.79400183176264, 9.042662968883773]
351 : -1234.3913073096726
第352次迭代参数： [0.6872735999237259, 173.25507596639224, 16.90971971924701, 0.3127264000762749, 168.7941807837131, 9.042977596233353]
352 : -1234.3914250702803
第353次迭代参数： [0.6872473310808446, 173.25516561870953, 16.90987327924752, 0.3127526689191552, 168.79435846161832, 9.043289986818568]
353 : -1234.3915419878
第354次迭代参数： [0.6872212465862355, 173.2552546434008, 16.91002576360486, 0.31277875341376477, 168.79453487462678, 9.043600156655375]
354 : -1234.3916580683515
第355次迭代参数： [0.6871953451536297, 173.25534304482463, 16.91017717979693, 0.31280465484636966, 168.7947100318209, 9.043908121643442]
355 : -1234.391773318014
第356次迭代参数： [0.6871696255056301, 173.25543082730863, 16.910327535250403, 0.31283037449437, 168.79488394221633, 9.044213897567]
356 : -1234.3918877428193
第357次迭代参数： [0.6871440863736467, 173.25551799515236, 16.91047683734116, 0.3128559136263535, 168.79505661476284, 9.044517500095699]
357 : -1234.3920013487536
第358次迭代参数： [0.6871187264978412, 173.25560455262467, 16.91062509339447, 0.312881273502159, 168.79522805834551, 9.044818944785487]
358 : -1234.392114141763
第359次迭代参数： [0.6870935446270663, 173.2556905039661, 16.910772310685516, 0.31290645537293343, 168.7953982817839, 9.045118247079435]
359 : -1234.392226127744
第360次迭代参数： [0.6870685395188085, 173.25577585338752, 16.910918496439546, 0.31293146048119186, 168.79556729383327, 9.045415422308572]
360 : -1234.3923373125522
第361次迭代参数： [0.6870437099391286, 173.2558606050716, 16.91106365783232, 0.31295629006087144, 168.79573510318582, 9.045710485692753]
361 : -1234.3924477019978
第362次迭代参数： [0.6870190546626046, 173.25594476317204, 16.91120780199044, 0.3129809453373959, 168.7959017184692, 9.046003452341443]
362 : -1234.3925573018475
第363次迭代参数： [0.6869945724722736, 173.25602833181446, 16.91135093599157, 0.3130054275277258, 168.79606714824948, 9.04629433725458]
363 : -1234.3926661178295
第364次迭代参数： [0.6869702621595768, 173.25611131509564, 16.91149306686492, 0.3130297378404227, 168.79623140102913, 9.04658315532336]
364 : -1234.392774155622
第365次迭代参数： [0.6869461225243005, 173.25619371708487, 16.911634201591415, 0.3130538774756994, 168.7963944852492, 9.046869921331052]
365 : -1234.3928814208648
第366次迭代参数： [0.6869221523745206, 173.2562755418235, 16.911774347104107, 0.31307784762547963, 168.79655640928922, 9.047154649953804]
366 : -1234.3929879191573
第367次迭代参数： [0.6868983505265466, 173.25635679332524, 16.911913510288482, 0.31310164947345387, 168.7967171814676, 9.047437355761437]
367 : -1234.393093656058
第368次迭代参数： [0.6868747158048657, 173.2564374755762, 16.91205169798275, 0.31312528419513425, 168.7968768100425, 9.04771805321824]
368 : -1234.3931986370749
第369次迭代参数： [0.6868512470420896, 173.256517592535, 16.912188916978202, 0.313148752957911, 168.79703530321146, 9.047996756683752]
369 : -1234.3933028676881
第370次迭代参数： [0.686827943078896, 173.25659714813358, 16.91232517401947, 0.3131720569211047, 168.7971926691127, 9.048273480413524]
370 : -1234.3934063533277
第371次迭代参数： [0.6868048027639765, 173.2566761462768, 16.912460475804902, 0.31319519723602324, 168.79734891582535, 9.048548238559922]
371 : -1234.3935090993866
第372次迭代参数： [0.6867818249539832, 173.2567545908422, 16.9125948289868, 0.3132181750460171, 168.79750405136917, 9.048821045172854]
372 : -1234.3936111112191
第373次迭代参数： [0.6867590085134718, 173.25683248568177, 16.912728240171777, 0.31324099148652784, 168.7976580837063, 9.049091914200561]
373 : -1234.393712394137
第374次迭代参数： [0.6867363523148519, 173.25690983462, 16.912860715921045, 0.31326364768514836, 168.79781102074028, 9.049360859490351]
374 : -1234.3938129534133
第375次迭代参数： [0.6867138552383307, 173.25698664145597, 16.912992262750713, 0.31328614476166966, 168.79796287031786, 9.049627894789358]
375 : -1234.3939127942824

Process finished with exit code 0
