"D:\Program Files (x86)\Anaconda3\python.exe" "F:/模式识别与机器学习/机器学习/Expectation-Maximum Algorithm/EM.py"
初始化的参数： [0.6, 180, 18, 0.4, 160, 7] %男生比例，男生均值，男生方差，女生比例，女生均值，女生方差
0 : -1072.3806956461376
第1次迭代参数： [0.6508286334626833, 177.66192328272265, 13.208825944916903, 0.3491713665373164, 162.19329605195992, 7.666396815285107]
1 : -1164.7511490200081
第2次迭代参数： [0.6643653139437736, 177.21374783716496, 13.233896661427993, 0.33563468605622604, 162.45655357556126, 8.373954118721965]
2 : -1177.3604896961078
第3次迭代参数： [0.6711369711653034, 176.936815868513, 13.260829019366582, 0.32886302883469704, 162.71784357788582, 8.85865693905871]
3 : -1183.9174943376304
第4次迭代参数： [0.6747276456782448, 176.7420563408319, 13.296224607127419, 0.325272354321755, 162.96487943910793, 9.196104547039116]
4 : -1187.8587805176571
第5次迭代参数： [0.6766696027358198, 176.5918569172435, 13.340795130381222, 0.3233303972641802, 163.1964713308897, 9.431349182239453]
5 : -1190.4542434998714
第6次迭代参数： [0.6777057698770318, 176.4681740878189, 13.392432293898446, 0.3222942301229686, 163.4134802072836, 9.595461762319246]
6 : -1192.2848277326334
第7次迭代参数： [0.6782227057188998, 176.36166162390558, 13.448425787894642, 0.32177729428110063, 163.61700834137065, 9.710167933595837]
7 : -1193.649736263336
第8次迭代参数： [0.6784326521216485, 176.26712269247233, 13.506478925827553, 0.3215673478783512, 163.80814280908234, 9.790402445137154]
8 : -1194.7151194147723
第9次迭代参数： [0.6784576784884151, 176.18146474031542, 13.564930144557927, 0.3215423215115848, 163.9879122779739, 9.84633045658551]
9 : -1195.5785419193182
第10次迭代参数： [0.6783708393228347, 176.10273492546852, 13.622665901906363, 0.3216291606771651, 164.15725913814057, 9.884885157621284]
10 : -1196.2999868457025
第11次迭代参数： [0.6782172848752785, 176.0296401153175, 13.678970088765109, 0.32178271512472106, 164.31702049945085, 9.910848987753056]
11 : -1196.917822052479
第12次迭代参数： [0.678025591106893, 175.9612927530521, 13.733394137691773, 0.32197440889310724, 164.46792223434142, 9.927577421484592]
12 : -1197.457456338719
第13次迭代参数： [0.6778141124682323, 175.89706717414543, 13.785664026935656, 0.32218588753176786, 164.6105839954367, 9.937472040273388]
13 : -1197.9362378729725
第14次迭代参数： [0.6775946955779376, 175.8365130126381, 13.835618940031186, 0.32240530442206283, 164.74553098010838, 9.942287336970736]
14 : -1198.3663336612863
第15次迭代参数： [0.6773749364288882, 175.77929994131773, 13.883172456889818, 0.3226250635711114, 164.87320873975392, 9.943330119947017]
15 : -1198.7564822408187
第16次迭代参数： [0.6771596020402818, 175.72518070972555, 13.928288484718315, 0.3228403979597182, 164.99399849857917, 9.941590257667178]
16 : -1199.1130955604394
第17次迭代参数： [0.6769515544482624, 175.67396554378433, 13.970966365959839, 0.3230484455517374, 165.1082314667979, 9.937827611885597]
17 : -1199.4409727107522
第18次迭代参数： [0.6767523673671547, 175.6255040166997, 14.01123149772639, 0.3232476326328447, 165.21620135547772, 9.932630935186285]
18 : -1199.7437749517567
第19次迭代参数： [0.676562746426946, 175.57967208176305, 14.049129162610008, 0.3234372535730543, 165.31817477124176, 9.926458717956917]
19 : -1200.0243495214659
第20次迭代参数： [0.6763828198447236, 175.5363628100224, 14.084720185114639, 0.323617180155276, 165.41439946323774, 9.91966830201465]
20 : -1200.2849548567758
第21次迭代参数： [0.676212341244919, 175.49547985477182, 14.11807761480518, 0.3237876587550808, 165.5051105704446, 9.912537257985331]
21 : -1200.5274197671324
第22次迭代参数： [0.6760508315631807, 175.45693294813782, 14.149284000557532, 0.32394916843681937, 165.59053511337896, 9.905279556440599]
22 : -1200.7532572501716
第23次迭代参数： [0.6758976780029988, 175.42063491380284, 14.178429035932089, 0.3241023219970013, 165.67089501613168, 9.898058137152182]
23 : -1200.96374648572
第24次迭代参数： [0.6757522023873372, 175.38649980142245, 14.205607476501344, 0.3242477976126631, 165.7464089501173, 9.890994899822571]
24 : -1201.1599921217066
第25次迭代参数： [0.6756137075875718, 175.35444183695682, 14.230917291902571, 0.32438629241242833, 165.81729327297663, 9.884178777790144]
25 : -1201.3429671565452
第26次迭代参数： [0.6754815082464873, 175.32437495152573, 14.25445804251545, 0.32451849175351344, 165.88376230455214, 9.877672332754793]
26 : -1201.5135438847685
第27次迭代参数： [0.6753549502979524, 175.29621270588245, 14.276329478640177, 0.3246450497020479, 165.94602814410462, 9.871517171450067]
27 : -1201.6725161322022
第28次迭代参数： [0.6752334225634484, 175.26986847158526, 14.296630358694797, 0.3247665774365516, 166.0043001940973, 9.865738400985114]
28 : -1201.8206151432414
第29次迭代参数： [0.6751163628176726, 175.24525576539233, 14.315457478059951, 0.3248836371823275, 166.0587845193302, 9.860348287142447]
29 : -1201.9585208646859
第30次迭代参数： [0.6750032600631115, 175.22228866167194, 14.332904894930246, 0.3249967399368882, 166.10968313785608, 9.855349246139575]
30 : -1202.0868699183306
第31次迭代参数： [0.6748936542716648, 175.20088222981747, 14.349063335360478, 0.3251063457283351, 166.1571933127963, 9.85073627734442]
31 : -1202.2062612181971
第32次迭代参数： [0.6747871344952705, 175.18095296077382, 14.364019757112603, 0.3252128655047296, 166.20150689199417, 9.846498927574732]
32 : -1202.317259936219
第33次迭代参数： [0.6746833359849864, 175.16241915969576, 14.37785705087556, 0.32531666401501325, 166.24280972505278, 9.842622864334114]
33 : -1202.4204003302598
第34次迭代参数： [0.6745819367655415, 175.14520129130642, 14.390653857668331, 0.3254180632344581, 166.28128117410225, 9.839091124263383]
34 : -1202.5161878056745
第35次迭代参数： [0.6744826539722418, 175.1292222713892, 14.402484482391948, 0.3255173460277577, 166.31709372496243, 9.835885093512513]
35 : -1202.6051004747583
第36次迭代参数： [0.674385240156017, 175.11440770263474, 14.413418885237931, 0.3256147598439827, 166.3504126985347, 9.832985268323203]
36 : -1202.6875903991208
第37次迭代参数： [0.6742894796901415, 175.1006860562881, 14.423522734712567, 0.32571052030985875, 166.38139605765497, 9.830371836687485]
37 : -1202.7640846417357
第38次迭代参数： [0.6741951853611393, 175.0879888030803, 14.432857508187, 0.3258048146388604, 166.41019430175186, 9.828025115423062]
38 : -1202.8349862129708
第39次迭代参数： [0.674102195190856, 175.07625049812077, 14.44148062799118, 0.32589780480914354, 166.4369504400282, 9.825925871316715]
39 : -1202.9006749646496
第40次迭代参数： [0.6740103695123111, 175.06540882500926, 14.449445623038502, 0.325989630487689, 166.46180003318187, 9.82405555007111]
40 : -1202.9615084647726
第41次迭代参数： [0.6739195883056195, 175.05540460458013, 14.456802307748957, 0.3260804116943806, 166.4848712936168, 9.822396432582824]
41 : -1203.0178228709174
第42次迭代参数： [0.6738297487896229, 175.04618177357418, 14.463596971607013, 0.326170251210377, 166.5062852344605, 9.820931734510403]
42 : -1203.0699338103586
第43次迭代参数： [0.673740763258208, 175.0376873382311, 14.469872574043952, 0.3262592367417927, 166.52615585834806, 9.819645662089341]
43 : -1203.118137268745
第44次迭代参数： [0.6736525571463781, 175.02987130739183, 14.475668940483951, 0.326347442853622, 166.54459037772617, 9.81852343464522]
44 : -1203.1627104851286
第45次迭代参数： [0.6735650673091378, 175.02268660923943, 14.481022956353884, 0.3264349326908625, 166.5616894592981, 9.81755128217923]
45 : -1203.2039128490976
第46次迭代参数： [0.6734782404954897, 175.01608899534367, 14.485968756650829, 0.326521759504511, 166.57754748612186, 9.816716424689853]
46 : -1203.2419867946767
第47次迭代参数： [0.6733920319999009, 175.01003693519908, 14.490537909309408, 0.3266079680000993, 166.59225283172776, 9.816007038494233]
47 : -1203.2771586854726
第48次迭代参数： [0.6733064044742187, 175.0044915040154, 14.494759591134127, 0.3266935955257806, 166.60588814144066, 9.815412213672726]
48 : -1203.3096396857463
第49次迭代参数： [0.6732213268838875, 174.99941626610638, 14.49866075547976, 0.3267786731161123, 166.6185306168388, 9.814921905837267]
49 : -1203.3396266126608
第50次迭代参数： [0.6731367735934164, 174.99477715585553, 14.502266291192148, 0.3268632264065847, 166.63025229996367, 9.814526884680964]
50 : -1203.367302765591
第51次迭代参数： [0.6730527235671881, 174.99054235790177, 14.505599172578963, 0.3269472764328118, 166.64112035449836, 9.814218681171115]
51 : -1203.3928387291048
第52次迭代参数： [0.6729691596728907, 174.98668218789606, 14.508680600376497, 0.32703084032710933, 166.65119734166976, 9.813989534773832]
52 : -1203.4163931469727
第53次迭代参数： [0.672886068075973, 174.98316897492938, 14.511530133828096, 0.3271139319240272, 166.66054148910018, 9.813832341723616]
53 : -1203.438113465206
第54次迭代参数： [0.6728034377146237, 174.9799769464964, 14.514165814099053, 0.3271965622853767, 166.66920695122985, 9.813740605056285]
54 : -1203.4581366427494
第55次迭代参数： [0.672721259845822, 174.9770821166827, 14.516604279331577, 0.327278740154178, 166.67724406028398, 9.813708386893822]
55 : -1203.4765898289959
第56次迭代参数： [0.6726395276539452, 174.9744621780865, 14.518860871696917, 0.3273604723460547, 166.68469956704968, 9.813730263292147]
56 : -1203.4935910077513
第57次迭代参数： [0.6725582359143261, 174.97209639785999, 14.520949736837256, 0.32744176408567416, 166.691616870973, 9.813801281826944]
57 : -1203.5092496076882
第58次迭代参数： [0.6724773807049441, 174.96996551812774, 14.522883916108, 0.3275226192950559, 166.69803623929445, 9.813916921990163]
58 : -1203.5236670796191
第59次迭代参数： [0.6723969591602044, 174.96805166095157, 14.524675432040313, 0.3276030408397963, 166.70399501510744, 9.814073058393799]
59 : -1203.5369374412326
第60次迭代参数： [0.6723169692614058, 174.96633823792666, 14.526335367441776, 0.3276830307385943, 166.7095278143675, 9.814265926722303]
60 : -1203.5491477901064
第61次迭代参数： [0.672237409659138, 174.96480986442896, 14.527873938546582, 0.32776259034086175, 166.71466671198456, 9.81449209233615]
61 : -1203.5603787859898
第62次迭代参数： [0.6721582795233756, 174.96345227848414, 14.529300562613763, 0.32784172047662336, 166.71944141722517, 9.814748421402678]
62 : -1203.5707051034735
第63次迭代参数： [0.6720795784175533, 174.9622522641802, 14.530623920357016, 0.3279204215824467, 166.7238794387166, 9.815032054414042]
63 : -1203.5801958562545
第64次迭代参数： [0.6720013061933355, 174.96119757952232, 14.531852013572427, 0.32799869380666447, 166.7280062393968, 9.815340381942969]
64 : -1203.5889149942407
第65次迭代参数： [0.6719234629032044, 174.96027688858828, 14.53299221831015, 0.32807653709679563, 166.7318453817933, 9.815671022483459]
65 : -1203.5969216747917
第66次迭代参数： [0.6718460487283487, 174.95947969784285, 14.534051333918503, 0.3281539512716512, 166.73541866403878, 9.816021802224371]
66 : -1203.6042706094154
第67次迭代参数： [0.6717690639196404, 174.9587962964387, 14.535035628266819, 0.3282309360803594, 166.73874624705118, 9.816390736607257]
67 : -1203.6110123871933
第68次迭代参数： [0.6716925087497767, 174.95821770033325, 14.535950879436161, 0.32830749125022307, 166.74184677330962, 9.81677601352569]
68 : -1203.6171937762508
第69次迭代参数： [0.6716163834749128, 174.95773560004065, 14.53680241414581, 0.32838361652508735, 166.74473747766382, 9.817175978030109]
69 : -1203.6228580045067
第70次迭代参数： [0.6715406883043346, 174.9573423118373, 14.537595143166273, 0.3284593116956663, 166.7474342906113, 9.81758911841036]
70 : -1203.6280450209397
第71次迭代参数： [0.6714654233769063, 174.95703073223913, 14.538333593951467, 0.32853457662309327, 166.74995193446765, 9.81801405353628]
71 : -1203.6327917385443
第72次迭代参数： [0.6713905887432166, 174.9567942955679, 14.53902194070574, 0.32860941125678317, 166.7523040128466, 9.81844952134522]
72 : -1203.6371322601208
第73次迭代参数： [0.6713161843524773, 174.95662693443705, 14.539664032086108, 0.3286838156475227, 166.75450309385445, 9.818894368373769]
73 : -1203.641098087986
第74次迭代参数： [0.6712422100433668, 174.95652304297622, 14.540263416724155, 0.32875778995663313, 166.75656078738683, 9.819347540239074]
74 : -1203.6447183186524
第75次迭代参数： [0.6711686655381419, 174.9564774426352, 14.540823366739284, 0.3288313344618585, 166.75848781690158, 9.819808072983085]
75 : -1203.6480198234385
第76次迭代参数： [0.6710955504394147, 174.95648535040453, 14.541346899400788, 0.32890444956058534, 166.76029408602594, 9.820275085200304]
76 : -1203.651027415978
第77次迭代参数： [0.6710228642291018, 174.95654234929856, 14.541836797084938, 0.3289771357708981, 166.76198874033554, 9.820747770876704]
77 : -1203.6537640075014
第78次迭代参数： [0.6709506062691193, 174.95664436095745, 14.542295625661364, 0.32904939373088166, 166.76358022462995, 9.821225392873846]
78 : -1203.656250750716
第79次迭代参数： [0.6708787758034533, 174.95678762022757, 14.542725751432815, 0.3291212241965468, 166.76507633600875, 9.821707276998296]
79 : -1203.6585071730972
第80次迭代参数： [0.670807371961315, 174.9569686515857, 14.543129356742515, 0.3291926280386848, 166.76648427303516, 9.822192806601922]
80 : -1203.6605513002946
第81次迭代参数： [0.6707363937611237, 174.95718424728756, 14.543508454354393, 0.32926360623887596, 166.76781068126272, 9.822681417663755]
81 : -1203.6623997703896
第82次迭代参数： [0.6706658401150962, 174.95743144711795, 14.543864900703479, 0.3293341598849036, 166.76906169537526, 9.823172594308753]
82 : -1203.6640679396278
第83次迭代参数： [0.6705957098342747, 174.95770751963497, 14.544200408105334, 0.3294042901657253, 166.7702429781827, 9.823665864722885]
83 : -1203.6655699802327
第84次迭代参数： [0.6705260016338428, 174.95800994480038, 14.544516556006887, 0.32947399836615743, 166.77135975669657, 9.824160797428018]
84 : -1203.6669189709082
第85次迭代参数： [0.6704567141386159, 174.95833639790314, 14.544814801354713, 0.3295432858613846, 166.7724168554941, 9.824656997883398]
85 : -1203.6681269804933
第86次迭代参数： [0.6703878458886002, 174.95868473467894, 14.545096488149829, 0.3296121541114003, 166.77341872756938, 9.825154105383756]
86 : -1203.6692051453433
第87次迭代参数： [0.6703193953445532, 174.959052977544, 14.545362856253933, 0.3296806046554474, 166.7743694828527, 9.825651790227003]
87 : -1203.6701637408462
第88次迭代参数： [0.6702513608934707, 174.95943930286168, 14.545615049505644, 0.32974863910652946, 166.77527291456911, 9.826149751126817]
88 : -1203.6710122475126
第89次迭代参数： [0.6701837408539623, 174.95984202916534, 14.545854123201051, 0.3298162591460379, 166.77613252359663, 9.82664771284806]
89 : -1203.6717594120705
第90次迭代参数： [0.6701165334814738, 174.9602596062709, 14.546081050989178, 0.3298834665185262, 166.7769515409712, 9.827145424044895]
90 : -1203.67241330389
第91次迭代参数： [0.6700497369733253, 174.96069060521077, 14.54629673122793, 0.3299502630266751, 166.77773294867538, 9.827642655283407]
91 : -1203.672981367126
第92次迭代参数： [0.6699833494735493, 174.96113370893067, 14.546501992843078, 0.33001665052645096, 166.77847949884116, 9.828139197232243]
92 : -1203.6734704688756
第93次迭代参数： [0.6699173690775144, 174.96158770369186, 14.546697600729644, 0.3300826309224854, 166.77919373148302, 9.828634859006437]
93 : -1203.6738869436626
第94次迭代参数： [0.6698517938363231, 174.9620514711267, 14.546884260731249, 0.33014820616367624, 166.77987799087305, 9.829129466650762]
94 : -1203.674236634502
第95次迭代参数： [0.6697866217609852, 174.96252398089933, 14.547062624230767, 0.33021337823901475, 166.78053444066066, 9.82962286175044]
95 : -1203.6745249308417
第96次迭代参数： [0.6697218508263556, 174.9630042839264, 14.54723329238285, 0.3302781491736447, 166.78116507783085, 9.830114900158037]
96 : -1203.6747568035757
第97次迭代参数： [0.6696574789748472, 174.96349150611366, 14.547396820016138, 0.33034252102515255, 166.78177174558968, 9.830605450826454]
97 : -1203.6749368373808
第98次迭代参数： [0.6695935041199254, 174.96398484257227, 14.547553719231368, 0.33040649588007426, 166.78235614525826, 9.831094394738846]
98 : -1203.6750692605647
第99次迭代参数： [0.6695299241493788, 174.96448355227818, 14.547704462719068, 0.3304700758506213, 166.7829198472499, 9.831581623927075]
99 : -1203.6751579726117

Process finished with exit code 0
