"D:\Program Files (x86)\Anaconda3\python.exe" "F:/模式识别与机器学习/机器学习/Expectation-Maximum Algorithm/EM.py"
male:  [171.73190428 154.34558158 180.09404577 174.92263485 172.77806896
 192.65328677 190.55441542 151.39421021 180.66027793 194.15630952
 182.10453771 167.09285561 180.88281632 160.31557504 182.82354467
 191.00021846 161.25432974 181.55805025 189.54077034 174.47578211
 159.17337988 184.19894165 174.97599397 165.28845921 197.22686678
 162.40479402 148.80672851 179.8362803  188.20090982 194.40474169
 158.72426022 142.24803123 174.90633058 184.20447054 187.00132015
 182.93553388 162.74841718 179.81584119 192.17527174 188.39788017
 175.55829867 191.06407775 168.0410835  215.5291666  199.9179994
 167.33656301 191.11607427 179.90676415 164.22601111 160.93832819
 172.0493208  169.51930493 150.60860102 149.44417767 178.26566334
 183.83999904 174.19113538 152.65226541 170.41507202 164.4079686
 170.32608597 179.79529837 191.02803853 172.38368395 165.60500396
 185.9634767  169.66372391 175.43025623 194.4423455  178.22267929
 154.62809516 176.81232463 154.10828825 160.69504602 155.52664657
 143.56128269 196.20665618 163.88466616 164.78253565 172.84824322
 181.04346622 187.06623384 189.30703652 152.55007257 186.79460287
 165.08658555 156.50900963 193.44085855 187.57951174 183.51699894
 183.35214697 157.9559259  180.0646778  154.23486243 171.8327546
 176.30985123 163.72500256 186.45141992 174.56925441 174.66158168
 173.8908344  177.73246882 166.02436315 178.99096043 182.74872794
 157.39944902 164.9655936  159.74385961 173.13512658 176.37821755
 189.9709769  205.07361843 188.22210095 167.86881363 183.74789541
 151.89526874 172.36686591 192.62207747 189.96617378 167.80885586
 193.80044401 178.61956532 165.28743008 175.7247888  165.33322455
 173.51613006 167.4966079  183.67242844 183.62930841 165.80846401
 213.92328232 173.49131907 171.35574666 175.68972835 174.04982126
 160.64427691 156.16874534 179.48375324 143.3580028  158.75765744
 176.80993329 194.50872961 159.16860841 168.48410627 184.42371975
 212.17077009 197.47648473 195.15262446 167.02657246 167.71026717
 196.79251965 187.23921233 192.6575812  180.2747295  186.678492
 178.32465738 160.31386259 158.91456894 159.99402936 167.79619098
 165.00023449 201.74833232 157.7023583  180.29675134 163.50867036
 175.07644815 153.53932453 180.2168734  165.05563318 156.16102213
 174.56080803 154.98081909 200.92796341 175.68140164 184.59889636
 160.72872814 168.67530102 168.112062   167.66408574 158.48617762
 188.61025176 198.04363049 159.94543105 190.35091217 179.83416682
 174.70970081 181.1733423  172.84495584 155.00910302 160.48593488
 167.56337492 182.85885996 175.47345148 175.57524725 146.46544474
 173.35278738 170.15893831 190.79796279 164.70691588 151.02729   ]
female:  [151.84444619 159.01766483 171.24048882 170.25141272 175.28848528
 151.49155573 160.63479041 170.21149616 197.81201092 155.33455916
 153.85669091 149.47174589 170.28508362 175.75204063 168.44840587
 175.06330864 171.41731379 152.24329068 150.79226223 187.65623932
 171.45824226 168.79610355 161.18399076 174.1513431  153.08886144
 158.01535408 170.09325677 171.78461972 152.27894143 164.62433066
 152.93282174 156.08401348 166.5979983  169.74186906 159.4133947
 159.67128004 168.26760503 165.83742022 167.97093118 162.83233345
 171.16093077 157.99208951 151.97978761 153.83967346 175.2735059
 163.08821027 169.43202257 157.97754368 161.93981447 170.78725512
 170.60818999 171.61025708 168.19423129 157.69636645 181.52260237
 157.40840401 178.99030282 177.05076241 161.82166888 166.64847462
 154.16904239 156.41392177 174.90240661 173.77113601 144.83864596
 176.58856279 153.74785157 160.85958111 150.67280363 170.0333379
 148.2701026  164.48289783 169.93897892 145.52594076 162.01729398
 153.33422105 175.86220263 170.73933997 164.87122669 143.4840787
 172.9509064  178.52541747 154.45273833 151.17066305 182.49530051
 171.35605372 165.68376337 160.50591459 160.53019293 161.5054806
 163.1583469  171.77312543 164.85927514 162.74951008 164.84281871
 148.86083471 164.84418038 159.10550427 169.33470382 163.56965931]
初始化的参数： [0.5, 180, 20, 0.5, 155, 15] %男生比例，男生均值，男生方差，女生比例，女生均值，女生方差
0 : -1172.883544443159
第1次迭代参数： [0.5494235023829668, 177.00698709285848, 13.400986664407693, 0.45057649761703344, 163.83615610773828, 10.393933624552025]
1 : -1193.3711273832805
第2次迭代参数： [0.546508697256402, 177.11107939304054, 13.594917184216852, 0.4534913027435981, 163.79536824349822, 9.999023400806745]
2 : -1191.1009244545571
第3次迭代参数： [0.5448219156194587, 177.21873353313563, 13.645438052138106, 0.45517808438054136, 163.7158573025654, 9.790448704026954]
3 : -1189.4909239932797
第4次迭代参数： [0.5438613810292665, 177.31950431537558, 13.634335952674988, 0.45613861897073377, 163.62414097912782, 9.670724357170089]
4 : -1188.2312486830097
第5次迭代参数： [0.5433010436518714, 177.41132715677176, 13.597295300078914, 0.4566989563481288, 163.53170936525936, 9.594567387945506]
5 : -1187.1794136345682
第6次迭代参数： [0.5429567860109781, 177.49438444882432, 13.550611574060623, 0.457043213989022, 163.443493733485, 9.540511857072497]
6 : -1186.2623080441876
第7次迭代参数： [0.5427314384948594, 177.5693431729272, 13.501802691363219, 0.4572685615051405, 163.36144977508425, 9.498310495329255]
7 : -1185.4414154727187
第8次迭代参数： [0.5425751641502259, 177.63691196562706, 13.454274834797591, 0.45742483584977434, 163.28615692506392, 9.46305770986297]
8 : -1184.6961947094032
第9次迭代参数： [0.5424624321586633, 177.6977487075763, 13.409490848949783, 0.4575375678413365, 163.21756396131175, 9.43238103770606]
9 : -1184.015300973161
第10次迭代参数： [0.5423798189382428, 177.75245210197602, 13.367998386882176, 0.4576201810617572, 163.1553425741569, 9.405096515733982]
10 : -1183.391933014028
第11次迭代参数： [0.5423198582953062, 177.8015690102427, 13.329918038268344, 0.4576801417046934, 163.09905474274098, 9.380571550962722]
11 : -1182.821438636249
第12次迭代参数： [0.5422780320311942, 177.84560194767144, 13.29517380632799, 0.45772196796880577, 163.04823100030225, 9.358427773662472]
12 : -1182.3001338241286
第13次迭代参数： [0.5422513223664415, 177.88501434194276, 13.263601457296808, 0.4577486776335583, 163.00240631282864, 9.33840490911778]
13 : -1181.824751887552
第14次迭代参数： [0.5422375191432802, 177.92023400598453, 13.234999597662995, 0.45776248085671994, 162.96113601199505, 9.320299550424007]
14 : -1181.3922070401077
第15次迭代参数： [0.5422348847793554, 177.9516555678374, 13.20915411736395, 0.45776511522064484, 162.92400242820372, 9.30393811559422]
15 : -1180.9995080155772
第16次迭代参数： [0.542241987014669, 177.97964238352148, 13.185850249487869, 0.4577580129853313, 162.8906171983617, 9.289165102674284]
16 : -1180.6437391233849
第17次迭代参数： [0.5422576104250414, 178.0045282319161, 13.164878785224575, 0.4577423895749584, 162.86062154353687, 9.27583804607764]
17 : -1180.3220686643444
第18次迭代参数： [0.5422807055435084, 178.02661893934888, 13.146039422180674, 0.4577192944564921, 162.83368557015524, 9.263825331348851]
18 : -1180.0317659810014
第19次迭代参数： [0.5423103566489453, 178.0461939953055, 13.129142609008534, 0.45768964335105466, 162.80950708369147, 9.253005181611568]
19 : -1179.770218832236
第20次迭代参数： [0.5423457594325302, 178.063508175781, 13.114010526734868, 0.4576542405674698, 162.7878101504872, 9.243265090640538]
20 : -1179.534947737824
第21次迭代参数： [0.5423862043527603, 178.07879316937, 13.100477525968389, 0.45761379564723975, 162.76834353009872, 9.234501400164415]
21 : -1179.3236162414578
第22次迭代参数： [0.5424310635796356, 178.09225919227913, 13.088390195177004, 0.4575689364203644, 162.7508790489536, 9.226618902215408]
22 : -1179.1340370776766
第23次迭代参数： [0.5424797803962068, 178.1040965759509, 13.077607168331292, 0.45752021960379297, 162.73520996114084, 9.219530425488518]
23 : -1178.9641746676834
第24次迭代参数： [0.5425318603920072, 178.11447731168968, 13.067998746618299, 0.4574681396079931, 162.72114932857187, 9.21315639714031]
24 : -1178.8121445266968
第25次迭代参数： [0.5425868640228432, 178.1235565388361, 13.059446389814655, 0.4574131359771568, 162.70852844416618, 9.207424384171308]
25 : -1178.6762101910322
第26次迭代参数： [0.5426444002455585, 178.13147396577986, 13.051842120369965, 0.4573555997544417, 162.6971953154414, 9.202268622760103]
26 : -1178.5547782367976
第27次迭代参数： [0.5427041210182215, 178.13835521592253, 13.045087873981704, 0.45729587898177887, 162.687013220936, 9.197629544529752]
27 : -1178.4463918990634
第28次迭代参数： [0.5427657165098257, 178.14431309335498, 13.039094823093201, 0.4572342834901745, 162.67785934781074, 9.19345330786934]
28 : -1178.3497237276881
第29次迭代参数： [0.5428289109007579, 178.14944876537297, 13.033782693724552, 0.45717108909924226, 162.6696235156193, 9.189691341048075]
29 : -1178.2635676431314
第30次迭代参数： [0.5428934586818724, 178.15385286095403, 13.029079091075294, 0.4571065413181275, 162.66220698851276, 9.186299902371788]
30 : -1178.1868306871468
第31次迭代参数： [0.5429591413794133, 178.15760648595855, 13.02491884525557, 0.4570408586205869, 162.6555213759638, 9.183239661232266]
31 : -1178.118524701705
第32次迭代参数： [0.5430257646474608, 178.16078215711173, 13.02124338518021, 0.45697423535253895, 162.64948762041604, 9.180475302665641]
32 : -1178.0577581158452
第33次迭代参数： [0.5430931556803631, 178.16344465779804, 13.018000145996018, 0.4569068443196368, 162.64403506900166, 9.17797515699516]
33 : -1178.0037279744931
第34次迭代参数： [0.5431611609058163, 178.16565181940962, 13.01514201330767, 0.4568388390941837, 162.63910062556482, 9.175710855283643]
34 : -1177.955712305288
第35次迭代参数： [0.5432296439255376, 178.16745523245262, 13.012626805831601, 0.45677035607446215, 162.63462797862178, 9.173657010647805]
35 : -1177.913062888428
第36次迭代参数： [0.5432984836753896, 178.16890089190446, 13.010416796864508, 0.45670151632461026, 162.63056690051178, 9.171790924970253]
36 : -1177.8751984696764
第37次迭代参数： [0.5433675727807018, 178.1700297814313, 13.008478274025062, 0.45663242721929825, 162.62687261281974, 9.170092320161505]
37 : -1177.8415984371734
第38次迭代参数： [0.5434368160856508, 178.17087840108314, 13.006781136062958, 0.4565631839143494, 162.6235052131091, 9.168543092854135]
38 : -1177.8117969676882
第39次迭代参数： [0.5435061293381529, 178.17147924299633, 13.00529852506591, 0.4564938706618473, 162.6204291580811, 9.16712709123057]
39 : -1177.7853776366192
第40次迭代参数： [0.543575438013869, 178.17186121947134, 13.004006492094481, 0.45642456198613096, 162.61761279843682, 9.165829912578934]
40 : -1177.7619684780204
第41次迭代参数： [0.5436446762647439, 178.17205004759884, 13.002883694101833, 0.4563553237352561, 162.61502796092256, 9.164638720121904]
41 : -1177.7412374749458
第42次迭代参数： [0.5437137859790815, 178.17206859436703, 13.001911119912025, 0.4562862140209184, 162.61264957329536, 9.163542077655723]
42 : -1177.7228884568613
第43次迭代参数： [0.5437827159415203, 178.1719371859301, 13.001071843022984, 0.4562172840584798, 162.61045532821313, 9.162529800563043]
43 : -1177.7066573784625
第44次迭代参数： [0.5438514210825084, 178.17167388445966, 13.000350799042389, 0.45614857891749133, 162.60842538233825, 9.161592821812025]
44 : -1177.6923089532356
第45次迭代参数： [0.5439198618079187, 178.17129473573786, 12.999734585643571, 0.45608013819208093, 162.60654208722212, 9.16072307161953]
45 : -1177.6796336147827
第46次迭代参数： [0.5439880034004269, 178.1708139903947, 12.999211283031098, 0.45601199659957303, 162.6047897488207, 9.159913369531239]
46 : -1177.6684447794885
第47次迭代参数： [0.544055815485118, 178.17024430144426, 12.99877029302499, 0.45594418451488206, 162.60315441275756, 9.159157327753407]
47 : -1177.6585763849043
第48次迭代参数： [0.5441232715525564, 178.16959690054102, 12.998402194999688, 0.45587672844744304, 162.6016236727039, 9.15844926465482]
48 : -1177.6498806794239
第49次迭代参数： [0.544190348533264, 178.16888175515197, 12.998098617042784, 0.4558096514667361, 162.60018649949066, 9.157784127441035]
49 : -1177.6422262403062
第50次迭代参数： [0.5442570264181593, 178.1681077086411, 12.997852120829792, 0.4557429735818409, 162.59883308878838, 9.157157423085685]
50 : -1177.635496198501
第51次迭代参数： [0.5443232879200571, 178.16728260505872, 12.99765609883513, 0.45567671207994276, 162.59755472540175, 9.156565156682037]
51 : -1177.6295866503872
第52次迭代参数： [0.5443891181718801, 178.1664134002635, 12.997504682622585, 0.45561088182811954, 162.59634366241548, 9.156003776453534]
52 : -1177.6244052380237
第53次迭代参数： [0.5444545044576443, 178.16550626083614, 12.997392661070895, 0.45554549554235574, 162.59519301360632, 9.155470124731963]
53 : -1177.619869881064
第54次迭代参数： [0.5445194359727056, 178.16456665209625, 12.997315407497949, 0.4554805640272945, 162.59409665769684, 9.154961394277843]
54 : -1177.6159076449492
第55次迭代参数： [0.5445839036101218, 178.1635994163989, 12.99726881474685, 0.45541609638987834, 162.59304915317077, 9.154475089378534]
55 : -1177.6124537313622
第56次迭代参数： [0.5446478997703368, 178.16260884276835, 12.997249237388653, 0.455352100229663, 162.5920456625059, 9.154008991215171]
56 : -1177.60945057825
第57次迭代参数： [0.5447114181916479, 178.16159872881127, 12.99725344028094, 0.45528858180835197, 162.5910818847975, 9.15356112704094]
57 : -1177.6068470579046
第58次迭代参数： [0.5447744537992214, 178.1605724357543, 12.99727855279856, 0.4552255462007785, 162.59015399585658, 9.153129742759818]
58 : -1177.6045977627466
第59次迭代参数： [0.5448370025706416, 178.15953293736112, 12.997322028123616, 0.4551629974293585, 162.58925859496165, 9.152713278537574]
59 : -1177.6026623694531
第60次迭代参数： [0.5448990614162051, 178.1584828634018, 12.997381607044321, 0.455100938583795, 162.58839265753426, 9.152310347114788]
60 : -1177.6010050730438
第61次迭代参数： [0.5449606280723529, 178.15742453827536, 12.99745528577154, 0.45503937192764693, 162.58755349308436, 9.151919714527072]
61 : -1177.5995940833748
第62次迭代参数： [0.5450217010068121, 178.1563600153219, 12.99754128733275, 0.45497829899318776, 162.58673870784327, 9.151540282968464]
62 : -1177.5984011772737
第63次迭代参数： [0.5450822793341756, 178.15529110730265, 12.997638036150517, 0.4549177206658245, 162.58594617156558, 9.151171075562402]
63 : -1177.5974013002697
第64次迭代参数： [0.5451423627407709, 178.15421941347032, 12.997744135454294, 0.4548576372592292, 162.5851739880393, 9.150811222829935]
64 : -1177.5965722125154
第65次迭代参数： [0.5452019514178104, 178.15314634361232, 12.997858347213663, 0.45479804858218975, 162.58442046888908, 9.15045995066793]
65 : -1177.595894174026
第66次迭代参数： [0.5452610460019196, 178.1520731394012, 12.997979574312593, 0.45473895399808023, 162.58368411031023, 9.150116569669652]
66 : -1177.5953496649365
第67次迭代参数： [0.5453196475222315, 178.1510008933525, 12.998106844717181, 0.45468035247776856, 162.58296357240525, 9.149780465639168]
67 : -1177.5949231369254
第68次迭代参数： [0.5453777573533285, 178.14993056565942, 12.998239297415394, 0.4546222426466713, 162.58225766083257, 9.149451091166892]
68 : -1177.5946007923487
第69次迭代参数： [0.5454353771733887, 178.1488629991372, 12.998376169930797, 0.45456462282661136, 162.58156531051074, 9.149127958147956]
69 : -1177.5943703880152
第70次迭代参数： [0.5454925089269755, 178.1477989324935, 12.998516787236008, 0.4545074910730246, 162.58088557114783, 9.148810631138657]
70 : -1177.5942210608807
第71次迭代参数： [0.5455491547919432, 178.14673901210628, 12.998660551908726, 0.45445084520805684, 162.580217594393, 9.14849872145727]
71 : -1177.5941431732394

Process finished with exit code 0
