"D:\Program Files (x86)\Anaconda3\python.exe" "F:/模式识别与机器学习/机器学习/Expectation-Maximum Algorithm/EM.py"
male:  [166.71148854 160.37712716 156.00419853 192.34818711 184.8811979
 179.21146327 151.02931671 200.89968172 185.0901872  166.04912775
 175.91107909 170.48223998 174.44366184 179.56358191 180.99365954
 188.16558632 179.22877146 187.35671327 207.68409567 185.67758794
 190.40714509 183.88877986 167.10408222 157.15545985 161.02194761
 183.60864495 211.15188216 192.43645738 157.0636827  190.95207858
 177.64515624 173.29771977 176.39548344 175.89801228 167.68282977
 163.53598428 169.0530466  162.34670727 209.54266333 172.59145665
 179.15869102 169.77468781 176.44433015 180.44558352 164.00008848
 133.3435682  168.81182001 173.09249441 155.26541183 171.6120357
 189.45816619 197.40177879 186.62263032 162.49847744 139.96190553
 187.80432341 175.56404939 195.90468052 177.38626439 188.73413801
 163.69544841 176.13987382 203.64021526 184.24807534 174.69902229
 201.14316815 179.49034198 188.36600525 201.71814511 162.41187587
 156.961367   171.28426614 176.13793024 171.79424244 161.98169376
 164.39508208 178.04749842 171.21052103 165.58013058 192.07979354
 161.58055609 151.78949406 190.48776434 171.21861649 193.35432694
 160.26736894 194.34004806 182.73771824 180.38751448 177.48035622
 150.22783702 183.44532311 176.78857818 170.59265613 179.96456927
 181.90747828 161.21649562 167.38776625 197.8317528  181.7885713
 151.79932655 165.95685151 168.23217172 181.79675843 160.35209453
 185.05211915 197.04068728 192.30192532 178.02627449 191.33249383
 197.44159262 167.80549499 187.11542481 196.46009106 190.67586494
 175.98328423 176.22178229 189.37317784 156.39868282 159.71473574
 168.61831031 192.010337   160.91975326 199.16391502 157.64732814
 168.9574624  173.97162316 170.13562021 167.91227205 149.70212836
 153.75044661 145.14198708 184.28506818 178.11152304 164.77404672
 126.74623812 172.66827871 142.39278471 182.41644499 170.83746769
 195.44280525 171.18487816 173.89051052 185.97066868 175.79578435
 158.87823529 165.289631   171.00737278 179.65868124 174.72819305
 164.6295574  193.37760021 179.58324576 170.95417225 170.62783358
 193.57153699 178.79468882 186.2207389  179.42913746 178.71206616
 178.31594204 155.59934967 187.53896265 161.94842508 171.37857216
 172.80196656 176.00882608 198.34720334 195.60961395 159.39472309
 203.76978953 177.65902001 166.83055568 182.00623226 174.61476039
 175.74480236 171.82683885 160.2557604  206.97146076 161.5444471
 160.07558196 199.22950076 193.42027713 154.29652579 155.32147599
 154.16185956 157.98481826 171.22951689 172.96055299 178.38885186
 170.37523128 154.03087921 161.64248364 160.56203941 184.33021765
 181.77849836 188.26228678 181.69430083 161.89831283 158.12482903]
female:  [159.13765606 157.91639483 156.75142527 153.70959741 154.47816859
 164.8674679  178.517941   157.36481572 156.77471198 163.75334253
 154.14218045 172.62238428 144.33084578 174.64208381 154.35384234
 173.20293909 165.55271454 166.21502427 162.69612439 165.49530461
 150.35504291 141.88805081 153.22287799 159.15250107 179.95515813
 172.38690073 172.75481148 172.4929444  165.28451851 173.25792874
 163.19403479 165.95125713 163.82503747 156.59309834 164.25312319
 159.0476187  162.67418429 162.23763657 148.46732613 172.50941168
 169.75835201 181.53293599 170.7873792  173.68187288 177.45794299
 158.07469511 156.90712882 173.98500653 165.19974195 153.98802789
 157.51937566 159.64905195 156.40433758 170.93380337 171.00094438
 173.2043337  179.73970873 171.45149905 172.41028217 167.85658315
 155.71947068 151.15453233 153.81097989 152.33129102 158.00500186
 173.48468479 142.64901075 166.87489841 167.7655802  157.79408285
 166.18799259 144.67223458 147.47764791 174.32641115 151.66141409
 161.25887834 167.47641884 152.67439247 181.71962934 168.61332943
 144.60537706 172.40933083 171.7379806  159.9003299  166.32891598
 169.25839994 164.52048204 171.7892804  164.77348749 166.24602552
 160.12690414 177.00326247 172.89644899 168.27164165 155.09464125
 176.01946688 163.35413331 155.67353822 154.84776515 170.26804324]
初始化的参数： [0.5, 180, 20, 0.5, 160, 7] %男生比例，男生均值，男生方差，女生比例，女生均值，女生方差
0 : -1069.4739868487045
第1次迭代参数： [0.5741767086029091, 178.02272557527573, 14.351036903085403, 0.4258232913970908, 162.2451040497167, 7.764296809121082]
1 : -1170.7111755033504
第2次迭代参数： [0.5942122662253567, 177.29177104835804, 14.40616800089958, 0.4057877337746433, 162.53646007378165, 8.449137143833381]
2 : -1185.641489997828
第3次迭代参数： [0.6050720547333569, 176.83748636908436, 14.472862260389707, 0.39492794526664343, 162.82672924602497, 8.879502666658118]
3 : -1193.1527639711444
第4次迭代参数： [0.6118157674329349, 176.51258331557545, 14.547552291340052, 0.38818423256706575, 163.09540654286573, 9.157542309385176]
4 : -1197.627552273905
第5次迭代参数： [0.6164405847143668, 176.2599612060791, 14.62617105849463, 0.3835594152856328, 163.33963084332677, 9.33786917088359]
5 : -1200.5827597462953
第6次迭代参数： [0.6198759223132084, 176.0526743549899, 14.705572520834176, 0.3801240776867916, 163.56089131130207, 9.453027551010594]
6 : -1202.6795832583616
第7次迭代参数： [0.6226012423933733, 175.87651371174698, 14.783294723297061, 0.3773987576066262, 163.76129930590588, 9.523903129614874]
7 : -1204.2494962907128
第8次迭代参数： [0.6248813548323091, 175.7234140941317, 14.857476677895502, 0.3751186451676914, 163.94269536896235, 9.564536767844645]
8 : -1205.4746918753315
第9次迭代参数： [0.6268696107530108, 175.58851456867936, 14.926805541152289, 0.37313038924698977, 164.1065558612128, 9.584641622940854]
9 : -1206.462035312992
第10次迭代参数： [0.6286579202638484, 175.46870110511273, 14.990454929340132, 0.37134207973615085, 164.25409741347897, 9.591037251291155]
10 : -1207.2773791343525
第11次迭代参数： [0.6303028591259673, 175.36183472287505, 15.048010661240458, 0.3696971408740331, 164.38639718922894, 9.588526118693256]
11 : -1207.9630093831106
第12次迭代参数： [0.6318400638639448, 175.2663290700024, 15.099388283324755, 0.3681599361360549, 164.50447848750565, 9.580467051046732]
12 : -1208.5471409819988
第13次迭代参数： [0.6332924922075194, 175.18091799299773, 15.144749664213835, 0.3667075077924803, 164.60935601574224, 9.569174126075469]
13 : -1209.0493449176784
第14次迭代参数： [0.6346753013897162, 175.10452955825133, 15.184425984393778, 0.3653246986102833, 164.70204999455598, 9.556206521988868]
14 : -1209.4837535942388
第15次迭代参数： [0.6359987901936254, 175.03621969252268, 15.2188522925048, 0.36400120980637385, 164.7835811156807, 9.542583710522232]
15 : -1209.860993215208
第16次迭代参数： [0.637270201228215, 174.97513840822154, 15.248515897457404, 0.36272979877178474, 164.8549564606487, 9.528945693794892]
16 : -1210.1893639372445
第17次迭代参数： [0.6384948376853768, 174.92051305847212, 15.27391841086356, 0.36150516231462365, 164.9171532489645, 9.515671240934742]
17 : -1210.475568002606
第18次迭代参数： [0.6396767605184135, 174.87163990379685, 15.295549732444282, 0.3603232394815868, 164.9711043122405, 9.502963781126175]
18 : -1210.7251643549434
第19次迭代参数： [0.6408192251497762, 174.82787931429598, 15.313871629950825, 0.3591807748502236, 165.01768702624636, 9.490912635018754]
19 : -1210.94285749106
第20次迭代参数： [0.64192495477795, 174.78865225576976, 15.329308530862011, 0.3580750452220502, 165.05771608632952, 9.479535772049799]
20 : -1211.1326858443986
第21次迭代参数： [0.6429963105645613, 174.7534369921457, 15.342243433913632, 0.3570036894354385, 165.09193979373967, 9.468809005420571]
21 : -1211.2981491567587
第22次迭代参数： [0.6440353967023489, 174.72176560877884, 15.353017259769015, 0.355964603297652, 165.12103921555158, 9.458685431721978]
22 : -1211.4422985385747
第23次迭代参数： [0.6450441245822195, 174.69322028723897, 15.36193037218576, 0.3549558754177804, 165.14562951583508, 9.449107993107631]
23 : -1211.567803360167
第24次迭代参数： [0.6460242515821859, 174.66742940089162, 15.36924535767526, 0.35397574841781543, 165.1662628122768, 9.440017287590026]
24 : -1211.6770033693897
第25次迭代参数： [0.6469774044249735, 174.64406354351547, 15.375190435426504, 0.35302259557502597, 165.1834320186956, 9.431356164803681]
25 : -1211.771951011087
第26次迭代参数： [0.6479050934348151, 174.62283160108595, 15.37996308271582, 0.352094906565185, 165.19757525013384, 9.423072198056127]
26 : -1211.854446909829
第27次迭代参数： [0.6488087216658394, 174.60347695672482, 15.383733614984946, 0.35119127833416064, 165.2090804741874, 9.415118792756545]
27 : -1211.9260703031816
第28次迭代参数： [0.6496895913377364, 174.58577389404613, 15.3866485670431, 0.35031040866226326, 165.2182901822926, 9.407455451349527]
28 : -1211.9882055335747
第29次迭代参数： [0.650548909019887, 174.5695242410083, 15.388833794242048, 0.34945109098011323, 165.22550592644086, 9.400047543865407]
29 : -1212.0420653162294
第30次迭代参数： [0.651387790370158, 174.5545542771682, 15.390397259722445, 0.3486122096298423, 165.23099262172633, 9.392865813286923]
30 : -1212.0887112756084
第31次迭代参数： [0.6522072648378281, 174.54071191244782, 15.39143150346941, 0.3477927351621715, 165.23498255586983, 9.38588576216091]
31 : -1212.1290721120918
第32次迭代参数： [0.6530082805001486, 174.52786413477997, 15.392015806525347, 0.34699171949985186, 165.2376790762375, 9.379087010663133]
32 : -1212.163959682624
第33次迭代参数： [0.6537917090639815, 174.51589471661865, 15.392218073309408, 0.3462082909360189, 165.2392599454206, 9.37245267880998]
33 : -1212.1940832302726
第34次迭代参数： [0.6545583509909614, 174.50470216556008, 15.392096459398811, 0.3454416490090384, 165.23988037034064, 9.365968820995471]
34 : -1212.2200619650198
第35次迭代参数： [0.655308940672042, 174.49419790158967, 15.391700773279506, 0.34469105932795874, 165.23967571884245, 9.359623925428934]
35 : -1212.2424361743103
第36次迭代参数： [0.656044151568771, 174.48430464217572, 15.391073679779794, 0.3439558484312291, 165.23876394317236, 9.353408481466799]
36 : -1212.2616770230236
第37次迭代参数： [0.6567646012436785, 174.47495497616902, 15.390251731023149, 0.3432353987563217, 165.23724773264698, 9.347314612250756]
37 : -1212.2781951865302
第38次迭代参数： [0.657470856213927, 174.4660901079071, 15.389266248333378, 0.3425291437860731, 165.23521641898893, 9.341335767089197]
38 : -1212.292348446469
第39次迭代参数： [0.6581634365767275, 174.45765875379053, 15.388144075948016, 0.3418365634232721, 165.23274765777882, 9.335466466697763]
39 : -1212.3044483659958
第40次迭代参数： [0.6588428203695342, 174.4496161747562, 15.38690822485279, 0.3411571796304656, 165.2299089086843, 9.329702094106763]
40 : -1212.3147661496062
第41次迭代参数： [0.6595094476412988, 174.44192332936208, 15.385578422660316, 0.3404905523587015, 165.22675873586087, 9.324038724323795]
41 : -1212.3235377818453
第42次迭代参数： [0.6601637242224784, 174.43454613353558, 15.384171583279729, 0.33983627577752146, 165.22334794838284, 9.31847298643347]
42 : -1212.330968529299
第43次迭代参数： [0.6608060251908794, 174.4274548143721, 15.382702208182694, 0.3391939748091204, 165.21972059891303, 9.31300195254753]
43 : -1212.3372368813052
第44次迭代参数： [0.6614366980377422, 174.42062334665582, 15.38118272936672, 0.33856330196225853, 165.21591485713745, 9.307623048781615]
44 : -1212.342497996497
第45次迭代参数： [0.662056065543996, 174.41402896197727, 15.379623802634043, 0.3379439344560042, 165.2119637728547, 9.302333984166927]
45 : -1212.3468867148804
第46次迭代参数： [0.6626644283805632, 174.40765172144705, 15.378034558527043, 0.33733557161943695, 165.20789594204882, 9.297132694073714]
46 : -1212.3505201883677
第47次迭代参数： [0.663262067449199, 174.4014741440363, 15.37642281716512, 0.3367379325508012, 165.20373608782697, 9.292017295314276]
47 : -1212.3535001766047
第48次迭代参数： [0.6638492459818902, 174.39548088349943, 15.374795272293177, 0.33615075401811, 165.199505566757, 9.28698605060304]
48 : -1212.3559150495119
第49次迭代参数： [0.6644262114175732, 174.3896584476819, 15.373157649054917, 0.335573788582427, 165.19522280993098, 9.282037340483395]
49 : -1212.3578415330196
第50次迭代参数： [0.6649931970749735, 174.38399495476665, 15.371514839328826, 0.33500680292502705, 165.19090370697066, 9.27716964119242]
50 : -1212.3593462301794
第51次迭代参数： [0.6655504236399858, 174.37847992168307, 15.369871017889324, 0.33444957636001393, 165.18656194021366, 9.272381507233407]
51 : -1212.3604869459373
第52次迭代参数： [0.6660981004852674, 174.3731040804969, 15.368229742170398, 0.3339018995147326, 165.1822092754288, 9.267671557671145]
52 : -1212.3613138404141
第53次迭代参数： [0.6666364268387595, 174.3678592191315, 15.366594037995553, 0.33336357316124104, 165.17785581463474, 9.263038465364138]
53 : -1212.3618704325067
第54次迭代参数： [0.6671655928167372, 174.36273804322607, 15.364966473288781, 0.33283440718326224, 165.17351021589587, 9.258480948509106]
54 : -1212.3621944729198
第55次迭代参数： [0.6676857803358431, 174.35773405635206, 15.363349221484317, 0.3323142196641561, 165.16917988436, 9.253997764002593]
55 : -1212.3623187033622
第56次迭代参数： [0.6681971639173372, 174.3528414561675, 15.36174411610135, 0.33180283608266253, 165.16487113826645, 9.249587702228279]
56 : -1212.3622715165677

Process finished with exit code 0
