"D:\Program Files (x86)\Anaconda3\python.exe" "F:/模式识别与机器学习/机器学习/Expectation-Maximum Algorithm/EM.py"
初始化的参数： [0.6, 180, 18, 0.4, 160, 7] %男生比例，男生均值，男生方差，女生比例，女生均值，女生方差
0 : -1119.3370298394539
第1次迭代参数： [0.6562942450063659, 178.38049334725466, 14.23526425371984, 0.34370575499363315, 160.9125103806283, 8.202588188684755]
1 : -1191.3060330735316
第2次迭代参数： [0.6698868922991972, 178.184936937236, 13.874559363445945, 0.3301131077008032, 160.5900892070268, 9.132504290965446]
2 : -1200.809625797392
第3次迭代参数： [0.6747092501649492, 178.14278829993847, 13.662772594891686, 0.3252907498350512, 160.41667334164904, 9.609116864544848]
3 : -1204.3404181139592
第4次迭代参数： [0.6765147372251835, 178.1285002186683, 13.569601489122622, 0.3234852627748169, 160.34761865443429, 9.819128467242333]
4 : -1205.7677325942714
第5次迭代参数： [0.6772192131827002, 178.11962399131968, 13.535138376791656, 0.32278078681730005, 160.32743451668378, 9.907338094074062]
5 : -1206.3900612540585
第6次迭代参数： [0.6775065602271559, 178.11240079741864, 13.525071972030936, 0.32249343977284495, 160.32675614069436, 9.945333107399266]
6 : -1206.6966076349897
第7次迭代参数： [0.6776315261194606, 178.1060979853686, 13.524359031166604, 0.32236847388053935, 160.3331103141315, 9.963239696591522]
7 : -1206.8754366047117
第8次迭代参数： [0.6776909463441081, 178.10050508363364, 13.526972161442384, 0.3223090536558914, 160.3415934265932, 9.973050281664165]
8 : -1206.9992506615115
第9次迭代参数： [0.6777221409884315, 178.09552063084823, 13.530585684225743, 0.3222778590115685, 160.3503563341328, 9.979462755504551]
9 : -1207.0965201394586
第10次迭代参数： [0.6777397390599148, 178.0910745451394, 13.534327509060285, 0.322260260940085, 160.35873778423934, 9.98432162850714]
10 : -1207.1787252898587
第11次迭代参数： [0.6777496493431627, 178.0871100950371, 13.537886450368104, 0.3222503506568383, 160.3665303969748, 9.988363808322681]
11 : -1207.2507767394472
第12次迭代参数： [0.6777543999535032, 178.0835784628227, 13.541165340033302, 0.3222456000464961, 160.37369696714092, 9.991895727935418]
12 : -1207.3150086224996
第13次迭代参数： [0.6777551898668945, 178.08043660705002, 13.54414726356524, 0.3222448101331063, 160.38026160283536, 9.995055180878474]
13 : -1207.3727155533206
第14次迭代参数： [0.6777526813442336, 178.07764618220074, 13.546844189523458, 0.32224731865576606, 160.38626822911868, 9.997912705256931]
14 : -1207.4247488607623
第15次迭代参数： [0.6777473082815583, 178.07517285934682, 13.549277361493086, 0.3222526917184406, 160.39176498627518, 10.000511010860999]
15 : -1207.4717512180023
第16次迭代参数： [0.6777393977487097, 178.07298582613657, 13.551469923175487, 0.32226060225128933, 160.3967985638776, 10.002880443769183]
16 : -1207.5142515628747
第17次迭代参数： [0.6777292191037162, 178.0710573829609, 13.553444246762126, 0.32227078089628397, 160.40141232972434, 10.005045155804813]
17 : -1207.552705598204
第18次迭代参数： [0.6777170048331874, 178.06936260081022, 13.555221059841513, 0.32228299516681236, 160.40564589006843, 10.007025651114835]
18 : -1207.5875147821018
第19次迭代参数： [0.6777029602160053, 178.06787902452504, 13.55681925020113, 0.32229703978399477, 160.40953517239066, 10.008839908695899]
19 : -1207.619036574911
第20次迭代参数： [0.677687268460375, 178.06658641240693, 13.558255916932923, 0.32231273153962414, 160.4131126829243, 10.010503935935594]
20 : -1207.6475909382496
第21次迭代参数： [0.6776700939189263, 178.06546650629022, 13.559546502598518, 0.3223299060810732, 160.41640780751408, 10.012032087297202]
21 : -1207.6734650714805
第22次迭代参数： [0.6776515844152405, 178.0645028277401, 13.560704944154228, 0.32234841558475946, 160.419447107743, 10.013437279832782]
22 : -1207.6969171984201
第23次迭代参数： [0.6776318731020154, 178.06368049692048, 13.561743820027907, 0.32236812689798394, 160.422254596196, 10.014731158283235]
23 : -1207.718179755994
第24次迭代参数： [0.677611080030089, 178.06298607127556, 13.56267448594012, 0.322388919969911, 160.42485198679145, 10.015924231599069]
24 : -1207.7374621519366
第25次迭代参数： [0.677589313511496, 178.0624074016063, 13.563507197778895, 0.3224106864885038, 160.42725892052533, 10.017025990487125]
25 : -1207.7549531824175
第26次迭代参数： [0.677566671320381, 178.06193350346317, 13.564251221900607, 0.3224333286796202, 160.4294931684313, 10.01804501067031]
26 : -1207.770823166823
第27次迭代参数： [0.6775432417587294, 178.061554442071, 13.564914933892792, 0.3224567582412703, 160.43157081393093, 10.0189890444997]
27 : -1207.7852258408604
第28次迭代参数： [0.677519104605898, 178.06126122922475, 13.565505906974826, 0.3224808953941025, 160.43350641670025, 10.019865102651844]
28 : -1207.7983000400063
第29次迭代参数： [0.6774943319667466, 178.06104573081532, 13.566030991167183, 0.32250566803325326, 160.43531316001616, 10.020679527198485]
29 : -1207.8101711997172
第30次迭代参数： [0.677468989030499, 178.06090058379152, 13.566496384254226, 0.32253101096950215, 160.4370029833373, 10.021438057083897]
30 : -1207.8209526946384
第31次迭代参数： [0.6774431347507089, 178.060819121535, 13.566907695453683, 0.3225568652492908, 160.43858670168672, 10.022145886880649]
31 : -1207.830747035868
第32次迭代参数： [0.6774168224552121, 178.06079530672642, 13.567270002595915, 0.32258317754478794, 160.44007411321974, 10.022807719572603]
32 : -1207.8396469427482
第33次迭代参数： [0.6773901003938788, 178.0608236709135, 13.567587903522126, 0.3226098996061209, 160.44147409621328, 10.023427814017907]
33 : -1207.8477363035154
第34次迭代参数： [0.6773630122309038, 178.0608992600643, 13.567865562324613, 0.32263698776909644, 160.4427946965597, 10.024010027664309]
34 : -1207.8550910372146
第35次迭代参数： [0.6773355974876751, 178.0610175854851, 13.568106750978458, 0.3226644025123248, 160.44404320674582, 10.024557855020483]
35 : -1207.861779867863
第36次迭代参数： [0.6773078919414397, 178.06117457954554, 13.568314886851747, 0.32269210805855986, 160.44522623717197, 10.025074462329396]
36 : -1207.8678650203797
第37次迭代参数： [0.6772799279844606, 178.0613665557192, 13.568493066523148, 0.3227200720155394, 160.44634978058906, 10.025562718837536]
37 : -1207.8734028467516
第38次迭代参数： [0.6772517349477578, 178.06159017250138, 13.568644096289498, 0.322748265052242, 160.44741927033752, 10.026025225010697]
38 : -1207.8784443898248
第39次迭代参数： [0.677223339393105, 178.0618424008111, 13.568770519701541, 0.32277666060689475, 160.4484396330047, 10.026464338007377]
39 : -1207.883035891315
第40次迭代参数： [0.6771947653765328, 178.06212049453146, 13.56887464243019, 0.32280523462346733, 160.44941533605095, 10.026882194687259]
40 : -1207.8872192498184
第41次迭代参数： [0.6771660346862288, 178.06242196387387, 13.56895855473159, 0.3228339653137712, 160.45035043090041, 10.027280732402042]
41 : -1207.891032434021
第42次迭代参数： [0.6771371670574108, 178.06274455128755, 13.569024151751988, 0.32286283294258983, 160.45124859193535, 10.027661707790067]
42 : -1207.894509855657
第43次迭代参数： [0.6771081803664926, 178.06308620966726, 13.56907315188635, 0.32289181963350705, 160.4521131517954, 10.028026713771956]
43 : -1207.8976827062897
第44次迭代参数： [0.6770790908065829, 178.0634450826278, 13.569107113382797, 0.32292090919341715, 160.45294713333774, 10.028377194924616]
44 : -1207.900579261609
第45次迭代参数： [0.677049913046188, 178.06381948665376, 13.569127449366066, 0.3229500869538117, 160.45375327858105, 10.028714461392598]
45 : -1207.9032251564386
第46次迭代参数： [0.6770206603727343, 178.06420789493325, 13.569135441433142, 0.3229793396272658, 160.45453407492127, 10.029039701479018]
46 : -1207.9056436333758
第47次迭代参数： [0.6769913448224333, 178.06460892272096, 13.56913225196092, 0.3230086551775669, 160.45529177888184, 10.029353993044385]
47 : -1207.9078557676773
第48次迭代参数： [0.6769619772977936, 178.0650213140783, 13.56911893524975, 0.3230380227022069, 160.45602843763294, 10.029658313828293]
48 : -1207.9098806707293
第49次迭代参数： [0.6769325676739898, 178.0654439298626, 13.569096447615713, 0.32306743232601004, 160.45674590849194, 10.029953550797783]
49 : -1207.9117356741503
第50次迭代参数： [0.6769031248951604, 178.06587573684223, 13.569065656532006, 0.32309687510483964, 160.4574458765971, 10.030240508615567]
50 : -1207.9134364964686
第51次迭代参数： [0.6768736570616101, 178.06631579783533, 13.569027348911057, 0.3231263429383894, 160.45812987092745, 10.03051991731239]
51 : -1207.914997394005
第52次迭代参数： [0.6768441715087765, 178.06676326277002, 13.568982238608752, 0.3231558284912234, 160.45879927882388, 10.030792439239203]
52 : -1207.916431297526
第53次迭代参数： [0.6768146748787693, 178.06721736058222, 13.568930973225076, 0.3231853251212305, 160.45945535915678, 10.031058675367682]
53 : -1207.9177499360253
第54次迭代参数： [0.6767851731851637, 178.06767739187006, 13.568874140268349, 0.32321482681483654, 160.46009925426142, 10.031319171001138]
54 : -1207.9189639488272
第55次迭代参数： [0.6767556718717193, 178.06814272223536, 13.568812272742464, 0.32324432812828063, 160.46073200076273, 10.031574420951083]
55 : -1207.9200829871907
第56次迭代参数： [0.6767261758655773, 178.06861277624452, 13.568745854212203, 0.32327382413442285, 160.46135453938996, 10.03182487423027]
56 : -1207.9211158063542
第57次迭代参数： [0.6766966896254795, 178.06908703195435, 13.568675323395826, 0.32330331037452004, 160.46196772387862, 10.032070938307696]
57 : -1207.9220703489787
第58次迭代参数： [0.6766672171854603, 178.06956501594595, 13.568601078329246, 0.3233327828145399, 160.4625723290425, 10.032312982966749]
58 : -1207.9229538207571
第59次迭代参数： [0.676637762194457, 178.0700462988233, 13.568523480142224, 0.3233622378055425, 160.46316905809624, 10.03255134380381]
59 : -1207.9237727589752
第60次迭代参数： [0.6766083279522053, 178.0705304911274, 13.568442856482713, 0.3233916720477949, 160.4637585492956, 10.032786325400986]
60 : -1207.9245330946453
第61次迭代参数： [0.6765789174417925, 178.07101723963413, 13.568359504622833, 0.32342108255820695, 160.46434138196193, 10.033018204203609]
61 : -1207.9252402088634
第62次迭代参数： [0.6765495333591569, 178.07150622399237, 13.5682736942756, 0.3234504666408441, 160.46491808194523, 10.033247231129971]
62 : -1207.9258989838863
第63次迭代参数： [0.6765201781398464, 178.07199715367852, 13.568185670150081, 0.32347982186015445, 160.46548912658233, 10.033473633938444]
63 : -1207.9265138494738
第64次迭代参数： [0.6764908539832618, 178.07248976523007, 13.568095654268975, 0.32350914601673836, 160.46605494919203, 10.03369761937467]
64 : -1207.927088824887
第65次迭代参数： [0.6764615628746586, 178.0729838197377, 13.56800384807098, 0.32353843712534164, 160.4666159431547, 10.033919375119211]
65 : -1207.9276275569991
第66次迭代参数： [0.6764323066050922, 178.07347910057092, 13.567910434318117, 0.32356769339490826, 160.4671724656132, 10.034139071554382]
66 : -1207.928133354846
第67次迭代参数： [0.6764030867894927, 178.0739754113136, 13.567815578825892, 0.3235969132105073, 160.4677248408296, 10.03435686336707]
67 : -1207.9286092209754
第68次迭代参数： [0.6763739048830696, 178.07447257389074, 13.567719432032854, 0.3236260951169304, 160.46827336323128, 10.034572891002735]
68 : -1207.9290578798648
第69次迭代参数： [0.6763447621961838, 178.07497042686995, 13.56762213042482, 0.32365523780381605, 160.46881830017486, 10.034787281984618]
69 : -1207.929481803722
第70次迭代参数： [0.6763156599078324, 178.07546882391964, 13.567523797826949, 0.32368434009216723, 160.46935989445277, 10.035000152110586]
70 : -1207.9298832358659
第71次迭代参数： [0.6762865990778837, 178.0759676324103, 13.567424546575955, 0.3237134009221165, 160.4698983665683, 10.035211606538901]
71 : -1207.9302642119496
第72次迭代参数： [0.6762575806581699, 178.0764667321461, 13.567324478583789, 0.3237424193418299, 160.47043391679998, 10.035421740773415]
72 : -1207.9306265792163
第73次迭代参数： [0.6762286055025453, 178.07696601421245, 13.56722368630269, 0.3237713944974545, 160.47096672707355, 10.035630641557429]
73 : -1207.9309720139531
第74次迭代参数： [0.6761996743760176, 178.07746537993185, 13.567122253600838, 0.3238003256239828, 160.4714969626617, 10.035838387684661]
74 : -1207.931302037332
第75次迭代参数： [0.6761707879630208, 178.07796473991607, 13.567020256556985, 0.32382921203697934, 160.4720247737256, 10.036045050735149]
75 : -1207.9316180298
第76次迭代参数： [0.6761419468749224, 178.07846401320535, 13.56691776418133, 0.32385805312507765, 160.47255029671362, 10.036250695742904]
76 : -1207.9319212440973
第77次迭代参数： [0.6761131516568358, 178.0789631264883, 13.566814839069758, 0.32388684834316434, 160.47307365563105, 10.036455381801732]
77 : -1207.9322128171016
第78次迭代参数： [0.6760844027937927, 178.07946201339362, 13.56671153799752, 0.3239155972062072, 160.47359496319135, 10.036659162614992]
78 : -1207.9324937805588
第79次迭代参数： [0.6760557007163485, 178.07996061384722, 13.566607912457796, 0.32394429928365165, 160.4741143218615, 10.036862086994335]
79 : -1207.9327650708224
第80次迭代参数： [0.6760270458056613, 178.08045887348956, 13.56650400915061, 0.3239729541943386, 160.47463182480996, 10.037064199312342]
80 : -1207.933027537683
第81次迭代参数： [0.6759984383981025, 178.0809567431458, 13.566399870426219, 0.32400156160189764, 160.47514755676758, 10.03726553991317]
81 : -1207.9332819523916
第82次迭代参数： [0.6759698787894376, 178.08145417834587, 13.566295534687788, 0.32403012121056257, 160.47566159480849, 10.03746614548531]
82 : -1207.9335290149418
第83次迭代参数： [0.6759413672386163, 178.08195113888914, 13.566191036756706, 0.324058632761384, 160.4761740090573, 10.037666049399757]
83 : -1207.9337693606487
第84次迭代参数： [0.6759129039712154, 178.08244758844876, 13.566086408203715, 0.3240870960287841, 160.47668486333353, 10.037865282016712]
84 : -1207.9340035661544
第85次迭代参数： [0.6758844891825564, 178.0829434942121, 13.565981677649903, 0.32411551081744366, 160.47719421573373, 10.038063870964164]
85 : -1207.9342321548572
第86次迭代参数： [0.6758561230405427, 178.08343882655652, 13.56587687103967, 0.32414387695945807, 160.47770211916182, 10.038261841390517]
86 : -1207.9344556018425
第87次迭代参数： [0.6758278056882161, 178.08393355875327, 13.565772011888377, 0.3241721943117843, 160.4782086218085, 10.038459216193905]
87 : -1207.9346743383512
第88次迭代参数： [0.6757995372460929, 178.08442766669896, 13.56566712150699, 0.3242004627539072, 160.47871376758775, 10.038656016230188]
88 : -1207.9348887558479
第89次迭代参数： [0.6757713178142754, 178.08492112867305, 13.565562219206253, 0.32422868218572426, 160.47921759653173, 10.038852260501825]
89 : -1207.9350992096965
第90次迭代参数： [0.6757431474743687, 178.08541392511592, 13.565457322481576, 0.3242568525256316, 160.4797201451504, 10.039047966329125]
90 : -1207.935306022507
第91次迭代参数： [0.6757150262912182, 178.0859060384305, 13.565352447181342, 0.32428497370878157, 160.4802214467562, 10.039243149505827]
91 : -1207.9355094871614
第92次迭代参数： [0.6756869543144856, 178.08639745279802, 13.565247607658835, 0.3243130456855146, 160.48072153176054, 10.03943782444001]
92 : -1207.935709869579
第93次迭代参数： [0.6756589315800817, 178.08688815401496, 13.565142816911088, 0.3243410684199186, 160.48122042794137, 10.039632004282305]
93 : -1207.935907411197
第94次迭代参数： [0.6756309581114611, 178.08737812934257, 13.565038086704119, 0.32436904188853877, 160.48171816068674, 10.039825701041956]
94 : -1207.93610233125
第95次迭代参数： [0.6756030339207978, 178.08786736737082, 13.564933427686917, 0.32439696607920226, 160.4822147532149, 10.04001892569227]
95 : -1207.936294828807
第96次迭代参数： [0.6755751590100604, 178.08835585789532, 13.564828849494745, 0.32442484098993946, 160.48271022677625, 10.040211688266245]
96 : -1207.9364850846698
第97次迭代参数： [0.6755473333719715, 178.08884359180567, 13.564724360843242, 0.3244526666280284, 160.48320460083318, 10.040403997943526]
97 : -1207.9366732630256
第98次迭代参数： [0.6755195569908923, 178.08933056098388, 13.564619969613195, 0.3244804430091071, 160.4836978932265, 10.04059586312899]
98 : -1207.9368595130152
第99次迭代参数： [0.6754918298436156, 178.08981675821138, 13.56451568292798, 0.32450817015638495, 160.4841901203243, 10.040787291524344]
99 : -1207.9370439701065
第100次迭代参数： [0.6754641519000935, 178.09030217708724, 13.564411507223744, 0.3245358480999061, 160.48468129715903, 10.040978290193008]
100 : -1207.9372267573763
第101次迭代参数： [0.6754365231240828, 178.09078681195, 13.564307448312935, 0.32456347687591697, 160.4851714375489, 10.041168865619007]
101 : -1207.937407986638
第102次迭代参数： [0.6754089434737537, 178.09127065781075, 13.564203511442077, 0.3245910565262464, 160.48566055421125, 10.041359023760322]
102 : -1207.9375877595035
第103次迭代参数： [0.6753814129022192, 178.09175371028974, 13.564099701344164, 0.3246185870977809, 160.4861486588636, 10.041548770097412]
103 : -1207.9377661683134
第104次迭代参数： [0.6753539313580256, 178.09223596556006, 13.563996022286238, 0.3246460686419736, 160.4866357623156, 10.041738109677217]
104 : -1207.9379432969954
第105次迭代参数： [0.675326498785599, 178.09271742029526, 13.563892478112436, 0.3246735012144007, 160.48712187455257, 10.041927047153044]
105 : -1207.938119221854
第106次迭代参数： [0.6752991151256509, 178.09319807162404, 13.563789072283349, 0.3247008848743494, 160.48760700481188, 10.042115586820843]
106 : -1207.938294012264
第107次迭代参数： [0.6752717803155357, 178.09367791708738, 13.56368580791145, 0.32472821968446475, 160.48809116165114, 10.042303732652066]
107 : -1207.9384677313167
第108次迭代参数： [0.6752444942895843, 178.0941569545995, 13.563582687793259, 0.3247555057104155, 160.48857435301144, 10.042491488323472]
108 : -1207.9386404364038
第109次迭代参数： [0.6752172569794052, 178.09463518241367, 13.563479714438829, 0.32478274302059446, 160.48905658627262, 10.042678857244304]
109 : -1207.9388121797344
第110次迭代参数： [0.6751900683141614, 178.09511259908993, 13.563376890098008, 0.32480993168583866, 160.4895378683065, 10.04286584258068]
110 : -1207.9389830088248
第111次迭代参数： [0.675162928220812, 178.09558920346726, 13.56327421678493, 0.3248370717791877, 160.49001820552252, 10.0430524472781]
111 : -1207.939152966934
第112次迭代参数： [0.6751358366243362, 178.09606499463655, 13.563171696299593, 0.324864163375664, 160.4904976039098, 10.043238674081563]
112 : -1207.9393220934444
第113次迭代参数： [0.6751087934479398, 178.09653997191776, 13.563069330247785, 0.32489120655206016, 160.4909760690764, 10.04342452555391]
113 : -1207.9394904242306
第114次迭代参数： [0.6750817986132369, 178.0970141348379, 13.562967120059104, 0.3249182013867627, 160.4914536062838, 10.043610004092532]
114 : -1207.9396579919833
第115次迭代参数： [0.6750548520404177, 178.09748748311145, 13.562865067003324, 0.32494514795958224, 160.49193022047845, 10.043795111944503]
115 : -1207.9398248264981
第116次迭代参数： [0.6750279536484032, 178.0979600166233, 13.562763172205255, 0.32497204635159715, 160.4924059163207, 10.043979851220282]
116 : -1207.9399909549495
第117次迭代参数： [0.6750011033549773, 178.09843173541242, 13.562661436658173, 0.32499889664502307, 160.4928806982106, 10.044164223906161]
117 : -1207.940156402125
第118次迭代参数： [0.6749743010769145, 178.09890263965715, 13.562559861235949, 0.3250256989230848, 160.4933545703123, 10.044348231875563]
118 : -1207.9403211906586
第119次迭代参数： [0.6749475467300907, 178.09937272966167, 13.562458446704337, 0.325052453269909, 160.49382753657412, 10.04453187689937]
119 : -1207.9404853412163
第120次迭代参数： [0.6749208402295925, 178.09984200584518, 13.562357193730884, 0.32507915977040674, 160.49429960074937, 10.04471516065512]
120 : -1207.940648872678
第121次迭代参数： [0.6748941814898023, 178.10031046872945, 13.562256102894048, 0.32510581851019776, 160.4947707664135, 10.04489808473551]
121 : -1207.9408118023216
第122次迭代参数： [0.6748675704244865, 178.10077811893066, 13.562155174691686, 0.32513242957551414, 160.4952410369797, 10.045080650656097]
122 : -1207.9409741459413
第123次迭代参数： [0.6748410069468691, 178.1012449571493, 13.562054409548232, 0.32515899305312984, 160.49571041571497, 10.045262859862154]
123 : -1207.941135918012
第124次迭代参数： [0.6748144909697, 178.10171098416157, 13.561953807821862, 0.32518550903029964, 160.4961789057508, 10.045444713735144]
124 : -1207.9412971317893
第125次迭代参数： [0.6747880224053293, 178.1021762008136, 13.561853369810464, 0.325211977594671, 160.49664651009778, 10.045626213598267]
125 : -1207.9414577994398
第126次迭代参数： [0.6747616011657485, 178.10264060801381, 13.561753095757402, 0.3252383988342519, 160.49711323165477, 10.045807360721797]
126 : -1207.9416179321286
第127次迭代参数： [0.67473522716265, 178.1031042067266, 13.561652985856453, 0.32526477283735056, 160.49757907321955, 10.045988156327722]
127 : -1207.941777540114
第128次迭代参数： [0.6747089003074724, 178.10356699796765, 13.561553040256616, 0.32529109969252706, 160.49804403749766, 10.04616860159409]
128 : -1207.941936632842
第129次迭代参数： [0.6746826205114429, 178.1040289827978, 13.561453259066164, 0.32531737948855666, 160.4985081271101, 10.046348697658864]
129 : -1207.9420952189985
第130次迭代参数： [0.6746563876856186, 178.1044901623196, 13.56135364235656, 0.3253436123143818, 160.49897134460096, 10.046528445623435]
130 : -1207.942253306603
第131次迭代参数： [0.6746302017409194, 178.1049505376728, 13.561254190165796, 0.3253697982590811, 160.49943369244502, 10.046707846555808]
131 : -1207.9424109030604
第132次迭代参数： [0.6746040625881528, 178.10541011003073, 13.561154902501755, 0.3253959374118472, 160.49989517305207, 10.046886901493636]
132 : -1207.9425680152083
第133次迭代参数： [0.6745779701380527, 178.10586888059592, 13.561055779344708, 0.3254220298619479, 160.500355788774, 10.04706561144667]
133 : -1207.9427246493842
第134次迭代参数： [0.6745519243013007, 178.10632685059932, 13.560956820650338, 0.32544807569869943, 160.50081554190857, 10.047243977399328]
134 : -1207.9428808114583
第135次迭代参数： [0.6745259249885471, 178.10678402129477, 13.560858026351545, 0.32547407501145265, 160.5012744347053, 10.047422000312675]
135 : -1207.943036506892
第136次迭代参数： [0.6744999721104369, 178.10724039395808, 13.560759396361117, 0.32550002788956367, 160.50173246936828, 10.047599681126622]
136 : -1207.9431917407571
第137次迭代参数： [0.6744740655776277, 178.10769596988493, 13.56066093057338, 0.3255259344223727, 160.50218964806095, 10.047777020761563]
137 : -1207.9433465177833
第138次迭代参数： [0.6744482053008017, 178.10815075038795, 13.560562628865961, 0.3255517946991983, 160.50264597290857, 10.047954020120047]
138 : -1207.9435008423845
第139次迭代参数： [0.6744223911906889, 178.10860473679506, 13.560464491101342, 0.32557760880931125, 160.50310144600212, 10.04813068008821]
139 : -1207.9436547186913
第140次迭代参数： [0.674396623158077, 178.10905793044796, 13.560366517128456, 0.32560337684192303, 160.50355606940084, 10.048307001537196]
140 : -1207.9438081505748
第141次迭代参数： [0.674370901113825, 178.10951033270044, 13.56026870678392, 0.32562909888617536, 160.50400984513433, 10.048482985324345]
141 : -1207.9439611416688
第142次迭代参数： [0.6743452249688766, 178.1099619449173, 13.560171059893163, 0.32565477503112317, 160.5044627752058, 10.048658632294245]
142 : -1207.9441136953942
第143次迭代参数： [0.6743195946342649, 178.11041276847237, 13.560073576271597, 0.32568040536573517, 160.50491486159282, 10.048833943279812]
143 : -1207.9442658149724
第144次迭代参数： [0.6742940100211311, 178.11086280474797, 13.55997625572547, 0.325705989978869, 160.50536610625082, 10.0490089191031]
144 : -1207.9444175034541
第145次迭代参数： [0.6742684710407238, 178.1113120551337, 13.559879098052965, 0.3257315289592766, 160.5058165111132, 10.049183560576257]
145 : -1207.9445687637203
第146次迭代参数： [0.6742429776044135, 178.11176052102547, 13.559782103044734, 0.3257570223955866, 160.50626607809446, 10.049357868502137]
146 : -1207.9447195985138
第147次迭代参数： [0.6742175296236949, 178.11220820382428, 13.559685270484858, 0.32578247037630587, 160.50671480909045, 10.049531843675107]
147 : -1207.9448700104365
第148次迭代参数： [0.6741921270101944, 178.1126551049365, 13.559588600151473, 0.3258078729898055, 160.50716270598002, 10.049705486881614]
148 : -1207.9450200019692
第149次迭代参数： [0.6741667696756767, 178.1131012257714, 13.55949209181714, 0.32583323032432343, 160.50760977062637, 10.049878798900679]
149 : -1207.9451695754865
第150次迭代参数： [0.6741414575320529, 178.11354656774222, 13.559395745249734, 0.3258585424679474, 160.50805600487826, 10.050051780504537]
150 : -1207.9453187332572
第151次迭代参数： [0.6741161904913773, 178.1139911322651, 13.559299560212802, 0.3258838095086231, 160.50850141057, 10.050224432459038]
151 : -1207.945467477455
第152次迭代参数： [0.6740909684658569, 178.1144349207576, 13.55920353646577, 0.3259090315341431, 160.50894598952425, 10.050396755523984]
152 : -1207.9456158101816
第153次迭代参数： [0.6740657913678532, 178.11487793463948, 13.55910767376488, 0.32593420863214684, 160.5093897435504, 10.050568750453753]
153 : -1207.945763733446
第154次迭代参数： [0.6740406591098875, 178.11532017533173, 13.559011971863017, 0.32595934089011225, 160.5098326744472, 10.050740417997352]
154 : -1207.9459112491993
第155次迭代参数： [0.6740155716046421, 178.1157616442559, 13.558916430510346, 0.32598442839535785, 160.51027478400263, 10.050911758898925]
155 : -1207.9460583593204
第156次迭代参数： [0.6739905287649635, 178.1162023428344, 13.558821049454592, 0.3260094712350367, 160.5107160739945, 10.05108277389799]
156 : -1207.9462050656336
第157次迭代参数： [0.6739655305038637, 178.11664227248986, 13.558725828441219, 0.3260344694961361, 160.51115654619124, 10.05125346372968]
157 : -1207.9463513699113
第158次迭代参数： [0.6739405767345229, 178.11708143464412, 13.558630767213707, 0.3260594232654775, 160.51159620235237, 10.051423829125003]
158 : -1207.9464972738713
第159次迭代参数： [0.6739156673702927, 178.11751983071957, 13.558535865513946, 0.32608433262970754, 160.51203504422867, 10.051593870811104]
159 : -1207.9466427791926
第160次迭代参数： [0.6738908023246938, 178.1179574621375, 13.558441123082172, 0.32610919767530633, 160.5124730735627, 10.051763589511351]
160 : -1207.946787887506
第161次迭代参数： [0.6738659815114226, 178.11839433031824, 13.558346539657267, 0.326134018488578, 160.51291029208943, 10.051932985945578]
161 : -1207.946932600409
第162次迭代参数： [0.6738412048443494, 178.11883043668146, 13.558252114977043, 0.32615879515565094, 160.51334670153656, 10.05210206083027]
162 : -1207.947076919467
第163次迭代参数： [0.6738164722375177, 178.11926578264553, 13.558157848778267, 0.32618352776248166, 160.51378230362454, 10.052270814878707]
163 : -1207.9472208462066
第164次迭代参数： [0.6737917836051482, 178.11970036962697, 13.558063740796806, 0.32620821639485187, 160.5142171000665, 10.05243924880106]
164 : -1207.9473643821289
第165次迭代参数： [0.6737671388616442, 178.12013419904125, 13.557969790767778, 0.3262328611383566, 160.5146510925699, 10.052607363304496]
165 : -1207.947507528709
第166次迭代参数： [0.6737425379215807, 178.12056727230268, 13.55787599842579, 0.32625746207841927, 160.51508428283523, 10.052775159093413]
166 : -1207.9476502873915
第167次迭代参数： [0.6737179806997103, 178.12099959082272, 13.557782363504709, 0.32628201930028994, 160.51551667255697, 10.052942636869368]
167 : -1207.9477926596053
第168次迭代参数： [0.6736934671109692, 178.12143115601177, 13.557688885738122, 0.32630653288903066, 160.51594826342392, 10.053109797331315]
168 : -1207.9479346467538
第169次迭代参数： [0.6736689970704695, 178.12186196927783, 13.55759556485924, 0.32633100292953077, 160.51637905711863, 10.05327664117563]
169 : -1207.9480762502155
第170次迭代参数： [0.6736445704935066, 178.12229203202716, 13.557502400600958, 0.3263554295064934, 160.5168090553188, 10.053443169096166]
170 : -1207.9482174713646
第171次迭代参数： [0.6736201872955517, 178.12272134566373, 13.557409392696064, 0.3263798127044483, 160.51723825969603, 10.05360938178441]
171 : -1207.948358311544
第172次迭代参数： [0.6735958473922575, 178.12314991158945, 13.557316540877132, 0.32640415260774197, 160.51766667191688, 10.053775279929443]
172 : -1207.9484987720884
第173次迭代参数： [0.6735715506994575, 178.12357773120388, 13.557223844876649, 0.3264284493005418, 160.51809429364266, 10.053940864218045]
173 : -1207.9486388543094
第174次迭代参数： [0.6735472971331664, 178.12400480590375, 13.557131304427068, 0.3264527028668338, 160.51852112652995, 10.05410613533476]
174 : -1207.9487785595193
第175次迭代参数： [0.6735230866095792, 178.12443113708454, 13.557038919261052, 0.3264769133904212, 160.51894717222973, 10.054271093961995]
175 : -1207.9489178890028
第176次迭代参数： [0.6734989190450698, 178.12485672613852, 13.556946689111047, 0.3265010809549304, 160.5193724323889, 10.054435740779908]
176 : -1207.9490568440417
第177次迭代参数： [0.6734747943561907, 178.12528157445576, 13.556854613709804, 0.32652520564380905, 160.51979690864903, 10.054600076466638]
177 : -1207.949195425901
第178次迭代参数： [0.673450712459677, 178.12570568342355, 13.556762692790107, 0.3265492875403232, 160.52022060264707, 10.054764101698211]
178 : -1207.9493336358348
第179次迭代参数： [0.6734266732724442, 178.12612905442725, 13.55667092608497, 0.32657332672755485, 160.52064351601592, 10.054927817148647]
179 : -1207.9494714750963
第180次迭代参数： [0.6734026767115842, 178.1265516888488, 13.556579313327603, 0.32659732328841595, 160.52106565038292, 10.055091223489985]
180 : -1207.9496089449133
第181次迭代参数： [0.6733787226943736, 178.1269735880687, 13.556487854251433, 0.3266212773056258, 160.5214870073717, 10.055254321392239]
181 : -1207.949746046518
第182次迭代参数： [0.6733548111382646, 178.12739475346353, 13.556396548590044, 0.32664518886173577, 160.52190758860107, 10.055417111523482]
182 : -1207.9498827811253
第183次迭代参数： [0.6733309419608923, 178.1278151864088, 13.556305396077455, 0.3266690580391073, 160.52232739568595, 10.055579594549917]
183 : -1207.9500191499462
第184次迭代参数： [0.673307115080064, 178.12823488827576, 13.556214396447828, 0.3266928849199358, 160.5227464302365, 10.055741771135828]
184 : -1207.950155154187
第185次迭代参数： [0.673283330413773, 178.1286538604343, 13.556123549435778, 0.3267166695862263, 160.5231646938588, 10.055903641943676]
185 : -1207.9502907950366
第186次迭代参数： [0.6732595878801866, 178.12907210425075, 13.556032854776102, 0.3267404121198135, 160.52358218815448, 10.05606520763401]
186 : -1207.9504260736871
第187次迭代参数： [0.6732358873976533, 178.1294896210896, 13.555942312204031, 0.3267641126023466, 160.52399891472123, 10.056226468865578]
187 : -1207.9505609913133
第188次迭代参数： [0.6732122288846956, 178.12990641231204, 13.555851921455062, 0.3267877711153039, 160.52441487515262, 10.056387426295299]
188 : -1207.9506955490924
第189次迭代参数： [0.6731886122600156, 178.13032247927646, 13.55576168226511, 0.32681138773998486, 160.52483007103768, 10.056548080578324]
189 : -1207.9508297481907
第190次迭代参数： [0.6731650374424958, 178.13073782333916, 13.555671594370466, 0.3268349625575043, 160.52524450396237, 10.056708432368012]
190 : -1207.9509635897734
第191次迭代参数： [0.6731415043511875, 178.1311524458534, 13.55558165750788, 0.32685849564881264, 160.52565817550723, 10.056868482316018]
191 : -1207.9510970749884
第192次迭代参数： [0.673118012905325, 178.13156634816957, 13.555491871414281, 0.326881987094675, 160.52607108724982, 10.057028231072133]
192 : -1207.9512302049905
第193次迭代参数： [0.6730945630243167, 178.1319795316357, 13.555402235827192, 0.32690543697568347, 160.52648324076316, 10.057187679284496]
193 : -1207.9513629809187
第194次迭代参数： [0.6730711546277465, 178.13239199759687, 13.555312750484424, 0.3269288453722534, 160.5268946376167, 10.057346827599476]
194 : -1207.9514954039157
第195次迭代参数： [0.6730477876353724, 178.13280374739549, 13.555223415124276, 0.3269522123646274, 160.52730527937544, 10.057505676661759]
195 : -1207.9516274751084
第196次迭代参数： [0.6730244619671306, 178.13321478237125, 13.555134229485388, 0.3269755380328695, 160.52771516760077, 10.057664227114284]
196 : -1207.9517591956267
第197次迭代参数： [0.6730011775431313, 178.1336251038611, 13.55504519330684, 0.3269988224568696, 160.52812430385032, 10.05782247959831]
197 : -1207.9518905665934
第198次迭代参数： [0.6729779342836557, 178.13403471319975, 13.554956306328224, 0.32702206571634385, 160.52853268967786, 10.057980434753452]
198 : -1207.9520215891266
第199次迭代参数： [0.6729547321091583, 178.134443611718, 13.55486756828944, 0.327045267890842, 160.52894032663272, 10.058138093217634]
199 : -1207.9521522643356
第200次迭代参数： [0.672931570940274, 178.1348518007453, 13.554778978930916, 0.32706842905972633, 160.529347216261, 10.058295455627102]
200 : -1207.9522825933307
第201次迭代参数： [0.6729084506978037, 178.1352592816076, 13.55469053799343, 0.32709154930219625, 160.52975336010485, 10.058452522616433]
201 : -1207.952412577212
第202次迭代参数： [0.672885371302723, 178.13566605562823, 13.554602245218273, 0.32711462869727687, 160.53015875970246, 10.058609294818595]
202 : -1207.9525422170752
第203次迭代参数： [0.6728623326761815, 178.1360721241279, 13.55451410034714, 0.3271376673238188, 160.53056341658828, 10.058765772864893]
203 : -1207.9526715140214
第204次迭代参数： [0.672839334739499, 178.13647748842482, 13.55442610312218, 0.327160665260501, 160.53096733229307, 10.05892195738499]
204 : -1207.9528004691315
第205次迭代参数： [0.6728163774141658, 178.13688214983426, 13.554338253285957, 0.3271836225858337, 160.5313705083438, 10.059077849006927]
205 : -1207.9529290834942
第206次迭代参数： [0.6727934606218442, 178.13728610966865, 13.554250550581488, 0.3272065393781556, 160.53177294626352, 10.059233448357128]
206 : -1207.9530573581847
第207次迭代参数： [0.6727705842843688, 178.1376893692381, 13.554162994752248, 0.32722941571563074, 160.5321746475719, 10.059388756060395]
207 : -1207.9531852942857
第208次迭代参数： [0.6727477483237422, 178.1380919298496, 13.554075585542165, 0.3272522516762577, 160.53257561378473, 10.059543772739945]
208 : -1207.953312892864
第209次迭代参数： [0.6727249526621384, 178.13849379280788, 13.55398832269565, 0.32727504733786184, 160.53297584641388, 10.0596984990174]
209 : -1207.9534401549847
第210次迭代参数： [0.6727021972219001, 178.1388949594148, 13.553901205957473, 0.3272978027780998, 160.53337534696814, 10.059852935512753]
210 : -1207.9535670817165
第211次迭代参数： [0.6726794819255372, 178.1392954309694, 13.553814235072952, 0.327320518074463, 160.533774116952, 10.060007082844471]
211 : -1207.9536936741138
第212次迭代参数： [0.6726568066957304, 178.13969520876844, 13.553727409787816, 0.32734319330426953, 160.53417215786655, 10.060160941629395]
212 : -1207.9538199332294
第213次迭代参数： [0.6726341714553276, 178.14009429410544, 13.553640729848183, 0.32736582854467267, 160.53456947120924, 10.060314512482782]
213 : -1207.9539458601175
第214次迭代参数： [0.6726115761273458, 178.14049268827182, 13.553554195000725, 0.3273884238726541, 160.53496605847403, 10.060467796018356]
214 : -1207.9540714558225
第215次迭代参数： [0.6725890206349671, 178.14089039255592, 13.553467804992518, 0.327410979365033, 160.53536192115092, 10.060620792848276]
215 : -1207.9541967213886
第216次迭代参数： [0.6725665049015432, 178.1412874082437, 13.553381559571088, 0.3274334950984569, 160.5357570607267, 10.060773503583121]
216 : -1207.9543216578534
第217次迭代参数： [0.6725440288505893, 178.14168373661843, 13.553295458484442, 0.3274559711494103, 160.53615147868425, 10.060925928831942]
217 : -1207.9544462662511
第218次迭代参数： [0.6725215924057886, 178.14207937896063, 13.55320950148098, 0.32747840759421093, 160.53654517650295, 10.061078069202223]
218 : -1207.954570547612
第219次迭代参数： [0.6724991954909902, 178.14247433654805, 13.553123688309578, 0.3275008045090099, 160.5369381556586, 10.061229925299902]
219 : -1207.9546945029622
第220次迭代参数： [0.67247683803021, 178.14286861065614, 13.553038018719597, 0.32752316196979026, 160.53733041762354, 10.061381497729394]
220 : -1207.9548181333253
第221次迭代参数： [0.6724545199476264, 178.14326220255776, 13.552952492460832, 0.3275454800523735, 160.5377219638666, 10.061532787093586]
221 : -1207.9549414397216
第222次迭代参数： [0.67243224116758, 178.1436551135229, 13.55286710928351, 0.32756775883241906, 160.53811279585292, 10.061683793993836]
222 : -1207.9550644231642
第223次迭代参数： [0.6724100016145801, 178.14404734481846, 13.552781868938283, 0.32758999838542013, 160.53850291504406, 10.061834519029981]
223 : -1207.9551870846653
第224次迭代参数： [0.6723878012133007, 178.14443889770993, 13.552696771176372, 0.32761219878669906, 160.53889232289845, 10.061984962800357]
224 : -1207.9553094252328
第225次迭代参数： [0.6723656398885731, 178.14482977345926, 13.552611815749339, 0.32763436011142666, 160.53928102087045, 10.062135125901774]
225 : -1207.9554314458678
第226次迭代参数： [0.6723435175653961, 178.1452199733261, 13.552527002409194, 0.3276564824346035, 160.5396690104114, 10.06228500892952]
226 : -1207.9555531475753
第227次迭代参数： [0.6723214341689302, 178.14560949856732, 13.552442330908436, 0.32767856583107036, 160.54005629296867, 10.062434612477404]
227 : -1207.9556745313469
第228次迭代参数： [0.672299389624499, 178.14599835043774, 13.552357800999994, 0.3277006103755011, 160.54044286998683, 10.062583937137715]
228 : -1207.9557955981782
第229次迭代参数： [0.6722773838575833, 178.14638653018912, 13.552273412437254, 0.327722616142416, 160.54082874290657, 10.062732983501283]
229 : -1207.9559163490567
第230次迭代参数： [0.6722554167938283, 178.14677403907027, 13.552189164974019, 0.32774458320617234, 160.5412139131647, 10.062881752157429]
230 : -1207.956036784967
第231次迭代参数： [0.6722334883590451, 178.14716087832844, 13.552105058364573, 0.32776651164095494, 160.54159838219593, 10.063030243693985]
231 : -1207.9561569068967
第232次迭代参数： [0.6722115984791943, 178.14754704920773, 13.552021092363717, 0.3277884015208051, 160.54198215142995, 10.06317845869738]
232 : -1207.9562767158152
第233次迭代参数： [0.6721897470804057, 178.14793255294921, 13.551937266726481, 0.3278102529195948, 160.5423652222939, 10.063326397752444]
233 : -1207.9563962127047
第234次迭代参数： [0.6721679340889681, 178.14831739079253, 13.551853581208576, 0.3278320659110323, 160.54274759621154, 10.063474061442628]
234 : -1207.9565153985293
第235次迭代参数： [0.672146159431324, 178.14870156397404, 13.551770035566022, 0.3278538405686757, 160.54312927460305, 10.063621450349892]
235 : -1207.9566342742633
第236次迭代参数： [0.6721244230340776, 178.1490850737275, 13.551686629555306, 0.32787557696592196, 160.5435102588851, 10.06376856505475]
236 : -1207.9567528408666
第237次迭代参数： [0.6721027248239938, 178.14946792128424, 13.551603362933378, 0.32789727517600653, 160.54389055047085, 10.063915406136243]
237 : -1207.956871099298
第238次迭代参数： [0.672081064727997, 178.14985010787348, 13.551520235457584, 0.3279189352720031, 160.5442701507708, 10.064061974171942]
238 : -1207.9569890505184
第239次迭代参数： [0.6720594426731626, 178.1502316347213, 13.551437246885788, 0.32794055732683725, 160.54464906119145, 10.064208269738034]
239 : -1207.9571066954798
第240次迭代参数： [0.6720378585867285, 178.15061250305172, 13.55135439697625, 0.3279621414132714, 160.5450272831359, 10.064354293409222]
240 : -1207.9572240351292
第241次迭代参数： [0.672016312396089, 178.15099271408582, 13.551271685487613, 0.3279836876039108, 160.5454048180045, 10.064500045758756]
241 : -1207.957341070418
第242次迭代参数： [0.6719948040287942, 178.15137226904255, 13.551189112179099, 0.32800519597120537, 160.5457816671937, 10.064645527358522]
242 : -1207.9574578022864
第243次迭代参数： [0.6719733334125519, 178.15175116913792, 13.55110667681024, 0.32802666658744895, 160.5461578320967, 10.064790738778912]
243 : -1207.9575742316758
第244次迭代参数： [0.6719519004752249, 178.15212941558661, 13.55102437914111, 0.3280480995247746, 160.54653331410367, 10.064935680588913]
244 : -1207.9576903595182
第245次迭代参数： [0.6719305051448278, 178.15250700959888, 13.55094221893202, 0.3280694948551724, 160.5469081146013, 10.06508035335606]
245 : -1207.9578061867494
第246次迭代参数： [0.6719091473495366, 178.15288395238423, 13.550860195944, 0.32809085265046345, 160.54728223497287, 10.06522475764656]
246 : -1207.9579217142982
第247次迭代参数： [0.6718878270176787, 178.1532602451486, 13.550778309938275, 0.3281121729823219, 160.54765567659857, 10.065368894025106]
247 : -1207.958036943093
第248次迭代参数： [0.6718665440777367, 178.1536358890963, 13.550696560676673, 0.32813345592226323, 160.54802844085538, 10.065512763055061]
248 : -1207.9581518740524
第249次迭代参数： [0.6718452984583446, 178.1540108854284, 13.550614947921344, 0.32815470154165555, 160.54840052911666, 10.065656365298354]
249 : -1207.9582665080993
第250次迭代参数： [0.6718240900882928, 178.15438523534417, 13.550533471434926, 0.32817590991170653, 160.5487719427529, 10.065799701315514]
250 : -1207.9583808461455
第251次迭代参数： [0.6718029188965227, 178.15475894003976, 13.550452130980439, 0.32819708110347656, 160.549142683131, 10.065942771665675]
251 : -1207.9584948891077
第252次迭代参数： [0.6717817848121329, 178.15513200070905, 13.550370926321373, 0.32821821518786726, 160.54951275161503, 10.066085576906591]
252 : -1207.9586086378947
第253次迭代参数： [0.6717606877643709, 178.15550441854424, 13.550289857221749, 0.3282393122356287, 160.54988214956535, 10.066228117594656]
253 : -1207.9587220934113
第254次迭代参数： [0.6717396276826355, 178.15587619473396, 13.550208923445785, 0.3282603723173645, 160.55025087833937, 10.0663703942848]
254 : -1207.9588352565588
第255次迭代参数： [0.6717186044964801, 178.1562473304652, 13.550128124758308, 0.32828139550352, 160.55061893929127, 10.066512407530634]
255 : -1207.958948128241
第256次迭代参数： [0.6716976181356074, 178.1566178269222, 13.5500474609245, 0.32830238186439265, 160.5509863337721, 10.066654157884384]
256 : -1207.9590607093512
第257次迭代参数： [0.6716766685298701, 178.15698768528682, 13.549966931709998, 0.3283233314701294, 160.55135306312977, 10.066795645896924]
257 : -1207.9591730007844
第258次迭代参数： [0.6716557556092727, 178.15735690673824, 13.549886536880885, 0.3283442443907273, 160.5517191287086, 10.066936872117772]
258 : -1207.959285003428
第259次迭代参数： [0.6716348793039718, 178.15772549245392, 13.549806276203658, 0.328365120696028, 160.55208453185003, 10.067077837095045]
259 : -1207.9593967181706
第260次迭代参数： [0.6716140395442719, 178.158093443608, 13.549726149445148, 0.32838596045572904, 160.55244927389222, 10.067218541375487]
260 : -1207.959508145893
第261次迭代参数： [0.6715932362606285, 178.1584607613733, 13.549646156372747, 0.3284067637393721, 160.55281335617045, 10.067358985504528]
261 : -1207.9596192874817
第262次迭代参数： [0.6715724693836419, 178.15882744691928, 13.549566296754167, 0.3284275306163585, 160.5531767800167, 10.067499170026236]
262 : -1207.9597301438073
第263次迭代参数： [0.6715517388440633, 178.15919350141354, 13.549486570357633, 0.3284482611559364, 160.55353954675962, 10.067639095483372]
263 : -1207.9598407157466
第264次迭代参数： [0.6715310445727939, 178.15955892602082, 13.549406976951687, 0.328468955427206, 160.5539016577249, 10.067778762417294]
264 : -1207.9599510041705
第265次迭代参数： [0.6715103865008839, 178.15992372190397, 13.5493275163054, 0.3284896134991162, 160.5542631142351, 10.067918171368069]
265 : -1207.9600610099478
第266次迭代参数： [0.6714897645595289, 178.1602878902234, 13.549248188188214, 0.3285102354404712, 160.55462391760963, 10.068057322874408]
266 : -1207.9601707339411
第267次迭代参数： [0.6714691786800716, 178.16065143213683, 13.549168992369955, 0.32853082131992856, 160.55498406916493, 10.068196217473684]
267 : -1207.960280177012
第268次迭代参数： [0.6714486287940021, 178.16101434880005, 13.549089928620958, 0.3285513712059976, 160.55534357021423, 10.068334855701988]
268 : -1207.9603893400215
第269次迭代参数： [0.6714281148329563, 178.1613766413659, 13.549010996711893, 0.32857188516704383, 160.55570242206758, 10.068473238094056]
269 : -1207.9604982238232
第270次迭代参数： [0.6714076367287186, 178.1617383109857, 13.548932196413913, 0.328592363271281, 160.55606062603198, 10.068611365183315]
270 : -1207.9606068292705
第271次迭代参数： [0.6713871944132173, 178.16209935880755, 13.548853527498476, 0.32861280558678274, 160.55641818341155, 10.068749237501839]
271 : -1207.9607151572109
第272次迭代参数： [0.6713667878185268, 178.16245978597786, 13.548774989737591, 0.3286332121814733, 160.55677509550702, 10.06888685558045]
272 : -1207.9608232084925
第273次迭代参数： [0.671346416876867, 178.16281959364042, 13.54869658290357, 0.3286535831231326, 160.55713136361663, 10.069024219948615]
273 : -1207.960930983956
第274次迭代参数： [0.6713260815206004, 178.16317878293654, 13.548618306769246, 0.32867391847939936, 160.55748698903489, 10.069161331134561]
274 : -1207.961038484445
第275次迭代参数： [0.6713057816822382, 178.16353735500556, 13.548540161107786, 0.32869421831776185, 160.55784197305368, 10.069298189665158]
275 : -1207.9611457107942
第276次迭代参数： [0.671285517294432, 178.16389531098434, 13.548462145692794, 0.32871448270556786, 160.55819631696184, 10.069434796066004]
276 : -1207.9612526638396
第277次迭代参数： [0.6712652882899774, 178.16425265200735, 13.548384260298285, 0.328734711710022, 160.55855002204515, 10.069571150861407]
277 : -1207.9613593444114
第278次迭代参数： [0.671245094601815, 178.1646093792067, 13.5483065046987, 0.32875490539818486, 160.55890308958618, 10.0697072545744]
278 : -1207.9614657533366
第279次迭代参数： [0.6712249361630287, 178.16496549371246, 13.548228878668873, 0.3287750638369711, 160.5592555208648, 10.069843107726708]
279 : -1207.9615718914442
第280次迭代参数： [0.6712048129068432, 178.16532099665227, 13.54815138198405, 0.3287951870931568, 160.55960731715768, 10.069978710838788]
280 : -1207.9616777595525
第281次迭代参数： [0.6711847247666258, 178.16567588915132, 13.548074014419868, 0.3288152752333739, 160.55995847973873, 10.070114064429815]
281 : -1207.9617833584869
第282次迭代参数： [0.6711646716758869, 178.16603017233268, 13.547996775752432, 0.3288353283241129, 160.56030900987858, 10.070249169017721]
282 : -1207.9618886890567
第283次迭代参数： [0.6711446535682779, 178.16638384731715, 13.547919665758204, 0.32885534643172176, 160.5606589088451, 10.070384025119138]
283 : -1207.9619937520833
第284次迭代参数： [0.6711246703775917, 178.16673691522305, 13.547842684214054, 0.32887532962240823, 160.56100817790312, 10.070518633249444]
284 : -1207.96209854837
第285次迭代参数： [0.6711047220377626, 178.16708937716686, 13.547765830897285, 0.32889527796223655, 160.5613568183148, 10.070652993922764]
285 : -1207.9622030787318
第286次迭代参数： [0.6710848084828624, 178.16744123426207, 13.547689105585599, 0.32891519151713744, 160.56170483133857, 10.070787107651975]
286 : -1207.962307343968
第287次迭代参数： [0.6710649296471102, 178.16779248762074, 13.54761250805706, 0.3289350703528898, 160.56205221823086, 10.070920974948649]
287 : -1207.9624113448835
第288次迭代参数： [0.6710450854648576, 178.168143138352, 13.54753603809018, 0.3289549145351429, 160.56239898024455, 10.071054596323155]
288 : -1207.962515082277
第289次迭代参数： [0.6710252758705999, 178.16849318756329, 13.54745969546388, 0.3289747241294002, 160.56274511863003, 10.071187972284603]
289 : -1207.9626185569464
第290次迭代参数： [0.6710055007989688, 178.16884263635922, 13.547383479957446, 0.32899449920103135, 160.56309063463448, 10.071321103340876]
290 : -1207.9627217696845
第291次迭代参数： [0.6709857601847368, 178.16919148584276, 13.547307391350625, 0.3290142398152628, 160.56343552950221, 10.071453989998616]
291 : -1207.9628247212802
第292次迭代参数： [0.6709660539628144, 178.1695397371139, 13.547231429423457, 0.32903394603718594, 160.56377980447462, 10.071586632763196]
292 : -1207.9629274125273
第293次迭代参数： [0.6709463820682521, 178.16988739127132, 13.547155593956509, 0.3290536179317479, 160.56412346079028, 10.071719032138786]
293 : -1207.9630298442046
第294次迭代参数： [0.6709267444362359, 178.17023444941054, 13.547079884730614, 0.3290732555637643, 160.56446649968504, 10.0718511886283]
294 : -1207.9631320170981
第295次迭代参数： [0.6709071410020914, 178.17058091262558, 13.547004301527158, 0.32909285899790885, 160.56480892239176, 10.071983102733485]
295 : -1207.9632339319885
第296次迭代参数： [0.6708875717012789, 178.17092678200765, 13.546928844127835, 0.3291124282987221, 160.5651507301402, 10.072114774954843]
296 : -1207.96333558965
第297次迭代参数： [0.6708680364693986, 178.1712720586466, 13.546853512314764, 0.3291319635306017, 160.56549192415767, 10.072246205791638]
297 : -1207.96343699086
第298次迭代参数： [0.6708485352421825, 178.17161674362913, 13.54677830587039, 0.32915146475781787, 160.56583250566823, 10.072377395741922]
298 : -1207.963538136388
第299次迭代参数： [0.6708290679555033, 178.17196083804026, 13.546703224577612, 0.32917093204449677, 160.56617247589344, 10.072508345302547]
299 : -1207.9636390270045
第300次迭代参数： [0.6708096345453672, 178.17230434296283, 13.546628268219738, 0.3291903654546321, 160.56651183605183, 10.072639054969164]
300 : -1207.9637396634741
第301次迭代参数： [0.6707902349479168, 178.172647259477, 13.546553436580407, 0.3292097650520826, 160.56685058735917, 10.072769525236207]
301 : -1207.9638400465592
第302次迭代参数： [0.6707708690994323, 178.17298958866118, 13.546478729443736, 0.3292291309005676, 160.5671887310284, 10.072899756596936]
302 : -1207.9639401770235
第303次迭代参数： [0.6707515369363269, 178.17333133159156, 13.546404146594217, 0.3292484630636738, 160.56752626826955, 10.073029749543391]
303 : -1207.9640400556243

Process finished with exit code 0
